MKL_0_24 = [ 1000 1000 1000 0 12.467 ;  1500 1500 1500 0 35.405 ;  2000 2000 2000 0 81.312 ;  2500 2500 2500 0 147.436 ;  3000 3000 3000 0 255.37 ;  3500 3500 3500 0 409.104 ;  4000 4000 4000 0 473.257 ;  4500 4500 4500 0 543.35 ;  5000 5000 5000 0 674.77 ;  5500 5500 5500 0 900.417 ;  6000 6000 6000 0 1138.65 ;  6500 6500 6500 0 1400.22 ;  7000 7000 7000 0 1683.02 ;  7500 7500 7500 0 1971.16 ;  8000 8000 8000 0 2334.05 ;  8500 8500 8500 0 2799.78 ;  9000 9000 9000 0 3297.58 ;  9500 9500 9500 0 3950.7 ;  10000 10000 10000 0 4421.39 ;  10500 10500 10500 0 5188.14 ;  11000 11000 11000 0 5710.63 ;  11500 11500 11500 0 6720.23 ;  12000 12000 12000 0 7696.98 ;  12500 12500 12500 0 8412.9 ;  13000 13000 13000 0 9320.79 ;  13500 13500 13500 0 10517.5 ;  14000 14000 14000 0 11632 ;  14500 14500 14500 0 13104.5 ;  15000 15000 15000 0 14335.1 ; ];
STRASSEN_1_DFS24 = [ 1000 1000 1000 1 16.07 ;  1500 1500 1500 1 38.839 ;  2000 2000 2000 1 86.133 ;  2500 2500 2500 1 151.032 ;  3000 3000 3000 1 244.707 ;  3500 3500 3500 1 340.349 ;  4000 4000 4000 1 457.12 ;  4500 4500 4500 1 596.952 ;  5000 5000 5000 1 840.572 ;  5500 5500 5500 1 895.704 ;  6000 6000 6000 1 1105.7 ;  6500 6500 6500 1 1389.96 ;  7000 7000 7000 1 1763.17 ;  7500 7500 7500 1 2017.86 ;  8000 8000 8000 1 2421.7 ;  8500 8500 8500 1 2839.74 ;  9000 9000 9000 1 3334.14 ;  9500 9500 9500 1 3859.48 ;  10000 10000 10000 1 4312.05 ;  10500 10500 10500 1 4988.58 ;  11000 11000 11000 1 5717.27 ;  11500 11500 11500 1 6622.41 ;  12000 12000 12000 1 7271.23 ;  12500 12500 12500 1 8110.49 ;  13000 13000 13000 1 9046.71 ;  13500 13500 13500 1 10137.9 ;  14000 14000 14000 1 11376.7 ;  14500 14500 14500 1 12307.4 ;  15000 15000 15000 1 13632.8 ; ];
STRASSEN_2_DFS24 = [ 1000 1000 1000 2 39.411 ;  1500 1500 1500 2 78.193 ;  2000 2000 2000 2 127.519 ;  2500 2500 2500 2 185.388 ;  3000 3000 3000 2 294.152 ;  3500 3500 3500 2 433.642 ;  4000 4000 4000 2 533.533 ;  4500 4500 4500 2 727.821 ;  5000 5000 5000 2 792.24 ;  5500 5500 5500 2 1109.15 ;  6000 6000 6000 2 1302.98 ;  6500 6500 6500 2 1704.38 ;  7000 7000 7000 2 1887 ;  7500 7500 7500 2 2174.88 ;  8000 8000 8000 2 2612.13 ;  8500 8500 8500 2 3076.69 ;  9000 9000 9000 2 3564.37 ;  9500 9500 9500 2 4036.1 ;  10000 10000 10000 2 4508.02 ;  10500 10500 10500 2 5360.62 ;  11000 11000 11000 2 5806.74 ;  11500 11500 11500 2 6868.19 ;  12000 12000 12000 2 7433.14 ;  12500 12500 12500 2 8344.48 ;  13000 13000 13000 2 9305.1 ;  13500 13500 13500 2 10194.2 ;  14000 14000 14000 2 11529.1 ;  14500 14500 14500 2 12577.3 ;  15000 15000 15000 2 13486.6 ; ];
STRASSEN_3_DFS24 = [ 1000 1000 1000 3 123.075 ;  1500 1500 1500 3 206.969 ;  2000 2000 2000 3 279.655 ;  2500 2500 2500 3 399.681 ;  3000 3000 3000 3 526.572 ;  3500 3500 3500 3 669.989 ;  4000 4000 4000 3 814.682 ;  4500 4500 4500 3 1030.03 ;  5000 5000 5000 3 1213.08 ;  5500 5500 5500 3 1449.76 ;  6000 6000 6000 3 1530.86 ;  6500 6500 6500 3 1984.08 ;  7000 7000 7000 3 2237.1 ;  7500 7500 7500 3 2751.24 ;  8000 8000 8000 3 3423.81 ;  8500 8500 8500 3 4066.79 ;  9000 9000 9000 3 4504.59 ;  9500 9500 9500 3 5345.42 ;  10000 10000 10000 3 5228.89 ;  10500 10500 10500 3 6255.91 ;  11000 11000 11000 3 7192.55 ;  11500 11500 11500 3 8487.01 ;  12000 12000 12000 3 8432.97 ;  12500 12500 12500 3 10006.5 ;  13000 13000 13000 3 11030.2 ;  13500 13500 13500 3 11869.1 ;  14000 14000 14000 3 12767.1 ;  14500 14500 14500 3 14565.9 ;  15000 15000 15000 3 15100.9 ; ];

STRASSEN_1_BFS24 = [ 1000 1000 1000 1 31.054 ;  1500 1500 1500 1 79.945 ;  2000 2000 2000 1 161.361 ;  2500 2500 2500 1 232.505 ;  3000 3000 3000 1 376.811 ;  3500 3500 3500 1 593.02 ;  4000 4000 4000 1 894.898 ;  4500 4500 4500 1 1250.46 ;  5000 5000 5000 1 1713.22 ;  5500 5500 5500 1 2264.24 ;  6000 6000 6000 1 2923.1 ;  6500 6500 6500 1 3670.23 ;  7000 7000 7000 1 4540.44 ;  7500 7500 7500 1 5586.2 ;  8000 8000 8000 1 6799.1 ;  8500 8500 8500 1 8066.96 ;  9000 9000 9000 1 9596.41 ;  9500 9500 9500 1 11321.6 ;  10000 10000 10000 1 13096.3 ;  10500 10500 10500 1 15132.1 ;  11000 11000 11000 1 17323.5 ;  11500 11500 11500 1 20231.9 ;  12000 12000 12000 1 22312.2 ;  12500 12500 12500 1 25166.9 ;  13000 13000 13000 1 27711.7 ;  13500 13500 13500 1 31648 ;  14000 14000 14000 1 35533.5 ;  14500 14500 14500 1 39337.4 ;  15000 15000 15000 1 43249.1 ; ];
STRASSEN_2_BFS24 = [ 1000 1000 1000 2 17.45 ;  1500 1500 1500 2 42.513 ;  2000 2000 2000 2 78.78 ;  2500 2500 2500 2 141.193 ;  3000 3000 3000 2 223.839 ;  3500 3500 3500 2 350.409 ;  4000 4000 4000 2 495.723 ;  4500 4500 4500 2 720.603 ;  5000 5000 5000 2 943.982 ;  5500 5500 5500 2 1204.12 ;  6000 6000 6000 2 1572.3 ;  6500 6500 6500 2 1829.33 ;  7000 7000 7000 2 2251.81 ;  7500 7500 7500 2 2638.43 ;  8000 8000 8000 2 3070.14 ;  8500 8500 8500 2 3675.6 ;  9000 9000 9000 2 4190.67 ;  9500 9500 9500 2 4923.4 ;  10000 10000 10000 2 5533.78 ;  10500 10500 10500 2 6504.62 ;  11000 11000 11000 2 7133.45 ;  11500 11500 11500 2 8201.21 ;  12000 12000 12000 2 9198.78 ;  12500 12500 12500 2 10537.1 ;  13000 13000 13000 2 11518.4 ;  13500 13500 13500 2 12960 ;  14000 14000 14000 2 14219.9 ;  14500 14500 14500 2 15749.7 ;  15000 15000 15000 2 17177.6 ; ];
STRASSEN_3_BFS24 = [ 1000 1000 1000 3 23.576 ;  1500 1500 1500 3 46.388 ;  2000 2000 2000 3 97.522 ;  2500 2500 2500 3 152.967 ;  3000 3000 3000 3 237.077 ;  3500 3500 3500 3 367.209 ;  4000 4000 4000 3 486.479 ;  4500 4500 4500 3 706.216 ;  5000 5000 5000 3 885.689 ;  5500 5500 5500 3 1162.79 ;  6000 6000 6000 3 1383.03 ;  6500 6500 6500 3 1806.79 ;  7000 7000 7000 3 2169.3 ;  7500 7500 7500 3 2567.09 ;  8000 8000 8000 3 3000.61 ;  8500 8500 8500 3 3562.99 ;  9000 9000 9000 3 3958.17 ;  9500 9500 9500 3 4659.49 ;  10000 10000 10000 3 5239.97 ;  10500 10500 10500 3 5862.74 ;  11000 11000 11000 3 6963.54 ;  11500 11500 11500 3 7507.02 ;  12000 12000 12000 3 8210.56 ;  12500 12500 12500 3 9421.9 ;  13000 13000 13000 3 10595.5 ;  13500 13500 13500 3 11587.2 ;  14000 14000 14000 3 12354 ;  14500 14500 14500 3 13590.7 ;  15000 15000 15000 3 14711.4 ; ];

STRASSEN_1_HYBRID24 = [ 1000 1000 1000 1 19.746 ;  1500 1500 1500 1 40.652 ;  2000 2000 2000 1 98.037 ;  2500 2500 2500 1 154.478 ;  3000 3000 3000 1 256.574 ;  3500 3500 3500 1 393.487 ;  4000 4000 4000 1 516.955 ;  4500 4500 4500 1 578.108 ;  5000 5000 5000 1 776.231 ;  5500 5500 5500 1 888.385 ;  6000 6000 6000 1 1080.28 ;  6500 6500 6500 1 1373.7 ;  7000 7000 7000 1 1681.26 ;  7500 7500 7500 1 1939.84 ;  8000 8000 8000 1 2292.24 ;  8500 8500 8500 1 2787.33 ;  9000 9000 9000 1 3249.39 ;  9500 9500 9500 1 3948.9 ;  10000 10000 10000 1 4367.73 ;  10500 10500 10500 1 4989.58 ;  11000 11000 11000 1 5688.49 ;  11500 11500 11500 1 6600.24 ;  12000 12000 12000 1 7195.97 ;  12500 12500 12500 1 8067.11 ;  13000 13000 13000 1 9044.25 ;  13500 13500 13500 1 10213.3 ;  14000 14000 14000 1 11430.2 ;  14500 14500 14500 1 12331.9 ;  15000 15000 15000 1 13680.8 ; ];
STRASSEN_2_HYBRID24 = [ 1000 1000 1000 2 18.953 ;  1500 1500 1500 2 42.034 ;  2000 2000 2000 2 86.429 ;  2500 2500 2500 2 156.228 ;  3000 3000 3000 2 241.771 ;  3500 3500 3500 2 364.566 ;  4000 4000 4000 2 492.083 ;  4500 4500 4500 2 717.17 ;  5000 5000 5000 2 948.647 ;  5500 5500 5500 2 1268.53 ;  6000 6000 6000 2 1529.62 ;  6500 6500 6500 2 1839.99 ;  7000 7000 7000 2 2238.51 ;  7500 7500 7500 2 2695.17 ;  8000 8000 8000 2 3136.24 ;  8500 8500 8500 2 3764.96 ;  9000 9000 9000 2 4230.43 ;  9500 9500 9500 2 4884.41 ;  10000 10000 10000 2 5732.95 ;  10500 10500 10500 2 6600.84 ;  11000 11000 11000 2 7376.99 ;  11500 11500 11500 2 8401.26 ;  12000 12000 12000 2 9432.32 ;  12500 12500 12500 2 10718.1 ;  13000 13000 13000 2 11732 ;  13500 13500 13500 2 13208.4 ;  14000 14000 14000 2 14477.8 ;  14500 14500 14500 2 16207.9 ;  15000 15000 15000 2 17519.1 ; ];
