MKL_0_24 = [ 3000 3000 3000 0 239.913 ;  3500 3000 3000 0 277.23 ;  4000 3000 3000 0 249.73 ;  4500 3000 3000 0 357.726 ;  5000 3000 3000 0 354.754 ;  5500 3000 3000 0 353.228 ;  6000 3000 3000 0 441.65 ;  6500 3000 3000 0 381.619 ;  7000 3000 3000 0 414.287 ;  7500 3000 3000 0 501.976 ;  8000 3000 3000 0 524.112 ;  8500 3000 3000 0 542.054 ;  9000 3000 3000 0 427.21 ;  9500 3000 3000 0 559.974 ;  10000 3000 3000 0 509.961 ;  10500 3000 3000 0 556.225 ;  11000 3000 3000 0 636.68 ;  11500 3000 3000 0 665.642 ;  12000 3000 3000 0 688.882 ;  12500 3000 3000 0 699.462 ;  13000 3000 3000 0 715.497 ;  13500 3000 3000 0 741.626 ;  14000 3000 3000 0 687.08 ;  14500 3000 3000 0 779.832 ;  15000 3000 3000 0 791.202 ;  15500 3000 3000 0 766.789 ;  16000 3000 3000 0 774.818 ;  16500 3000 3000 0 772.083 ;  17000 3000 3000 0 781.835 ;  17500 3000 3000 0 812.334 ;  18000 3000 3000 0 814.171 ;  18500 3000 3000 0 871.337 ;  19000 3000 3000 0 885.708 ;  19500 3000 3000 0 859.547 ;  20000 3000 3000 0 892.651 ; ];

FAST433_29_234_1_DFS24 = [ 3000 3000 3000 1 276.222 ;  3500 3000 3000 1 296.578 ;  4000 3000 3000 1 319.104 ;  4500 3000 3000 1 335.43 ;  5000 3000 3000 1 410.952 ;  5500 3000 3000 1 375.536 ;  6000 3000 3000 1 421.524 ;  6500 3000 3000 1 486.218 ;  7000 3000 3000 1 507.184 ;  7500 3000 3000 1 483.76 ;  8000 3000 3000 1 564.465 ;  8500 3000 3000 1 532.341 ;  9000 3000 3000 1 614.757 ;  9500 3000 3000 1 573.569 ;  10000 3000 3000 1 598.002 ;  10500 3000 3000 1 628.013 ;  11000 3000 3000 1 622.827 ;  11500 3000 3000 1 673.633 ;  12000 3000 3000 1 694.111 ;  12500 3000 3000 1 771.226 ;  13000 3000 3000 1 721.352 ;  13500 3000 3000 1 812.026 ;  14000 3000 3000 1 838.718 ;  14500 3000 3000 1 820.058 ;  15000 3000 3000 1 872.261 ;  15500 3000 3000 1 907.875 ;  16000 3000 3000 1 854.188 ;  16500 3000 3000 1 961.008 ;  17000 3000 3000 1 914.595 ;  17500 3000 3000 1 1057.51 ;  18000 3000 3000 1 1019.14 ;  18500 3000 3000 1 963.238 ;  19000 3000 3000 1 1022.45 ;  19500 3000 3000 1 1052.4 ;  20000 3000 3000 1 1031.49 ; ];
FAST433_29_234_2_DFS24 = [ 3000 3000 3000 2 754.294 ;  3500 3000 3000 2 789.61 ;  4000 3000 3000 2 838.741 ;  4500 3000 3000 2 882.857 ;  5000 3000 3000 2 924.799 ;  5500 3000 3000 2 989.293 ;  6000 3000 3000 2 1024.71 ;  6500 3000 3000 2 1056.5 ;  7000 3000 3000 2 1130.14 ;  7500 3000 3000 2 1160.94 ;  8000 3000 3000 2 1177.56 ;  8500 3000 3000 2 1246.99 ;  9000 3000 3000 2 1258.1 ;  9500 3000 3000 2 1322.99 ;  10000 3000 3000 2 1356.69 ;  10500 3000 3000 2 1387.65 ;  11000 3000 3000 2 1435.29 ;  11500 3000 3000 2 1473.96 ;  12000 3000 3000 2 1495.88 ;  12500 3000 3000 2 1557.13 ;  13000 3000 3000 2 1564.21 ;  13500 3000 3000 2 1635.85 ;  14000 3000 3000 2 1686.84 ;  14500 3000 3000 2 1727.32 ;  15000 3000 3000 2 1797.59 ;  15500 3000 3000 2 1816.6 ;  16000 3000 3000 2 2003.29 ;  16500 3000 3000 2 1983.91 ;  17000 3000 3000 2 2089.26 ;  17500 3000 3000 2 2063.21 ;  18000 3000 3000 2 2089.65 ;  18500 3000 3000 2 2026.76 ;  19000 3000 3000 2 2191.06 ;  19500 3000 3000 2 2080.28 ;  20000 3000 3000 2 2072.4 ; ];

FAST433_29_234_1_BFS24 = [ 3000 3000 3000 1 190.355 ;  3500 3000 3000 1 218.169 ;  4000 3000 3000 1 247.167 ;  4500 3000 3000 1 282.324 ;  5000 3000 3000 1 311.818 ;  5500 3000 3000 1 340.334 ;  6000 3000 3000 1 371.089 ;  6500 3000 3000 1 401.077 ;  7000 3000 3000 1 424.612 ;  7500 3000 3000 1 462.293 ;  8000 3000 3000 1 482.553 ;  8500 3000 3000 1 516.781 ;  9000 3000 3000 1 545.607 ;  9500 3000 3000 1 577.721 ;  10000 3000 3000 1 606.725 ;  10500 3000 3000 1 641.026 ;  11000 3000 3000 1 660.956 ;  11500 3000 3000 1 694.617 ;  12000 3000 3000 1 720.716 ;  12500 3000 3000 1 762.996 ;  13000 3000 3000 1 779.99 ;  13500 3000 3000 1 814.276 ;  14000 3000 3000 1 838.431 ;  14500 3000 3000 1 871.331 ;  15000 3000 3000 1 898.106 ;  15500 3000 3000 1 937.003 ;  16000 3000 3000 1 958.311 ;  16500 3000 3000 1 992.615 ;  17000 3000 3000 1 1017.25 ;  17500 3000 3000 1 1069.39 ;  18000 3000 3000 1 1081.93 ;  18500 3000 3000 1 1108.79 ;  19000 3000 3000 1 1139.31 ;  19500 3000 3000 1 1171.43 ;  20000 3000 3000 1 1194.26 ; ];
FAST433_29_234_2_BFS24 = [ 3000 3000 3000 2 252.413 ;  3500 3000 3000 2 283.858 ;  4000 3000 3000 2 283.853 ;  4500 3000 3000 2 343.774 ;  5000 3000 3000 2 372.619 ;  5500 3000 3000 2 398.475 ;  6000 3000 3000 2 425.799 ;  6500 3000 3000 2 441.924 ;  7000 3000 3000 2 472.688 ;  7500 3000 3000 2 510.563 ;  8000 3000 3000 2 518.765 ;  8500 3000 3000 2 566.28 ;  9000 3000 3000 2 608.509 ;  9500 3000 3000 2 677.884 ;  10000 3000 3000 2 644.776 ;  10500 3000 3000 2 679.632 ;  11000 3000 3000 2 731.995 ;  11500 3000 3000 2 765.844 ;  12000 3000 3000 2 761.173 ;  12500 3000 3000 2 816.459 ;  13000 3000 3000 2 849.538 ;  13500 3000 3000 2 927.581 ;  14000 3000 3000 2 892.012 ;  14500 3000 3000 2 925.566 ;  15000 3000 3000 2 996.092 ;  15500 3000 3000 2 997.37 ;  16000 3000 3000 2 1000.43 ;  16500 3000 3000 2 1079.57 ;  17000 3000 3000 2 1091.3 ;  17500 3000 3000 2 1133.83 ;  18000 3000 3000 2 1150.16 ;  18500 3000 3000 2 1172.74 ;  19000 3000 3000 2 1202.56 ;  19500 3000 3000 2 1256.06 ;  20000 3000 3000 2 1299.26 ; ];

FAST433_29_234_1_HYBRID24 = [ 3000 3000 3000 1 162.828 ;  3500 3000 3000 1 188.748 ;  4000 3000 3000 1 210.869 ;  4500 3000 3000 1 237.603 ;  5000 3000 3000 1 260.925 ;  5500 3000 3000 1 287.371 ;  6000 3000 3000 1 307.692 ;  6500 3000 3000 1 337.049 ;  7000 3000 3000 1 352.961 ;  7500 3000 3000 1 379.12 ;  8000 3000 3000 1 400.063 ;  8500 3000 3000 1 424.647 ;  9000 3000 3000 1 445.869 ;  9500 3000 3000 1 473.075 ;  10000 3000 3000 1 498.648 ;  10500 3000 3000 1 519.63 ;  11000 3000 3000 1 535.196 ;  11500 3000 3000 1 570.492 ;  12000 3000 3000 1 582.341 ;  12500 3000 3000 1 619.218 ;  13000 3000 3000 1 638.363 ;  13500 3000 3000 1 656.828 ;  14000 3000 3000 1 689.201 ;  14500 3000 3000 1 704.357 ;  15000 3000 3000 1 729.133 ;  15500 3000 3000 1 753.852 ;  16000 3000 3000 1 768.665 ;  16500 3000 3000 1 811.698 ;  17000 3000 3000 1 830.845 ;  17500 3000 3000 1 872.61 ;  18000 3000 3000 1 872.904 ;  18500 3000 3000 1 907.31 ;  19000 3000 3000 1 928.726 ;  19500 3000 3000 1 876.699 ;  20000 3000 3000 1 904.926 ; ];
FAST433_29_234_2_HYBRID24 = [ 3000 3000 3000 2 242.593 ;  3500 3000 3000 2 279.703 ;  4000 3000 3000 2 296.989 ;  4500 3000 3000 2 323.63 ;  5000 3000 3000 2 356.693 ;  5500 3000 3000 2 393.513 ;  6000 3000 3000 2 432.441 ;  6500 3000 3000 2 432.016 ;  7000 3000 3000 2 482.896 ;  7500 3000 3000 2 497.802 ;  8000 3000 3000 2 531.215 ;  8500 3000 3000 2 578.153 ;  9000 3000 3000 2 600.224 ;  9500 3000 3000 2 627.161 ;  10000 3000 3000 2 644.985 ;  10500 3000 3000 2 690.577 ;  11000 3000 3000 2 742.676 ;  11500 3000 3000 2 755.309 ;  12000 3000 3000 2 759.981 ;  12500 3000 3000 2 864.762 ;  13000 3000 3000 2 864.336 ;  13500 3000 3000 2 892.5 ;  14000 3000 3000 2 884.617 ;  14500 3000 3000 2 937.178 ;  15000 3000 3000 2 995.337 ;  15500 3000 3000 2 990.313 ;  16000 3000 3000 2 989.396 ;  16500 3000 3000 2 995.023 ;  17000 3000 3000 2 1031.33 ;  17500 3000 3000 2 1101.46 ;  18000 3000 3000 2 1099.06 ;  18500 3000 3000 2 1125.56 ;  19000 3000 3000 2 1186.36 ;  19500 3000 3000 2 1185.09 ;  20000 3000 3000 2 1186.42 ; ];


