SQUARE_PAR = [300 300 300 5 3.103; 400 400 400 5 4.753; 500 500 500 5 8.109; 600 600 600 5 11.515; 700 700 700 5 17.924; 800 800 800 5 19.771; 900 900 900 5 27.852; 1000 1000 1000 5 35.603;...
 1100 1100 1100 5 42.044; 1200 1200 1200 5 57.687; 1300 1300 1300 5 928.44; 1400 1400 1400 5 90.026; 1500 1500 1500 5 101.097; 1600 1600 1600 5 112.105; 1700 1700 1700 5 148.771; 1800 1800 1800 5 164.365; 1900 1900 1900 5 202.13; 2000 2000 2000 5 217.084;...
 2100 2100 2100 5 278.345; 2200 2200 2200 5 298.496; 2300 2300 2300 5 371.565; 2400 2400 2400 5 363.793; 2500 2500 2500 5 408.382; 2600 2600 2600 5 475.512; 2700 2700 2700 5 508.787; 2800 2800 2800 5 599.151; 2900 2900 2900 5 640.526; 3000 3000 3000 5 724.248;...
 3100 3100 3100 5 790.377; 3200 3200 3200 5 804.486; 3300 3300 3300 5 926.625; 3400 3400 3400 5 994.213; 3500 3500 3500 5 1114.07; 3600 3600 3600 5 1170.9; 3700 3700 3700 5 1294; 3800 3800 3800 5 1367.85; 3900 3900 3900 5 1834.13; 4000 4000 4000 5 1603.95;...
 4100 4100 4100 5 1751.38; 4200 4200 4200 5 1847.32; 4300 4300 4300 5 2074.2; 4400 4400 4400 5 2258.92; 4500 4500 4500 5 2676.47; 4600 4600 4600 5 2459.05; 4700 4700 4700 5 2569.36; 4800 4800 4800 5 2717.69; 4900 4900 4900 5 2949.85; 5000 5000 5000 5 3075.68;...
 5100 5100 5100 5 3323.28; 5200 5200 5200 5 3442.44; 5300 5300 5300 5 3742.76; 5400 5400 5400 5 3892.45; 5500 5500 5500 5 4484.37; 5600 5600 5600 5 4314.93; 5700 5700 5700 5 4544.45; 5800 5800 5800 5 4842.55; 5900 5900 5900 5 5041.9; 6000 6000 6000 5 5544.2;...
 6100 6100 6100 5 5554.46; 6200 6200 6200 5 6484.4; 6300 6300 6300 5 6161.93; 6400 6400 6400 5 6382.29; 6500 6500 6500 5 6776.47; 6600 6600 6600 5 7046.79; 6700 6700 6700 5 7953.23; 6800 6800 6800 5 7644.17; 6900 6900 6900 5 8100.12; 7000 7000 7000 5 8897.1;...
 7100 7100 7100 5 9426.63; 7200 7200 7200 5 9432.19; 7300 7300 7300 5 9584.47; 7400 7400 7400 5 9903.83; 7500 7500 7500 5 10964.9; 7600 7600 7600 5 10945.9; 7700 7700 7700 5 11293.3; 7800 7800 7800 5 12343.6; 7900 7900 7900 5 12280.6; 8000 8000 8000 5 12669.4;];

OUTER_PAR = [300 800 300 5 4.286; 400 800 400 5 6.094; 500 800 500 5 9.289; 600 800 600 5 21.274; 700 800 700 5 16.578; 800 800 800 5 18.025; 900 800 900 5 25.55; 1000 800 1000 5 27.754;...
 1100 800 1100 5 32.764; 1200 800 1200 5 40.121; 1300 800 1300 5 879.761; 1400 800 1400 5 51.52; 1500 800 1500 5 56.118; 1600 800 1600 5 62.29; 1700 800 1700 5 71.03; 1800 800 1800 5 85.159; 1900 800 1900 5 92.25; 2000 800 2000 5 100.508;...
 2100 800 2100 5 108.566; 2200 800 2200 5 121.105; 2300 800 2300 5 132.326; 2400 800 2400 5 138.337; 2500 800 2500 5 140.723; 2600 800 2600 5 155.872; 2700 800 2700 5 171.968; 2800 800 2800 5 190.569; 2900 800 2900 5 202.161; 3000 800 3000 5 205.1;...
 3100 800 3100 5 210.003; 3200 800 3200 5 239.073; 3300 800 3300 5 249.342; 3400 800 3400 5 267.204; 3500 800 3500 5 298.669; 3600 800 3600 5 282.345; 3700 800 3700 5 313.911; 3800 800 3800 5 326.643; 3900 800 3900 5 525.344; 4000 800 4000 5 353.147;...
 4100 800 4100 5 459.889; 4200 800 4200 5 527.456; 4300 800 4300 5 397.354; 4400 800 4400 5 437.424; 4500 800 4500 5 471.166; 4600 800 4600 5 510.789; 4700 800 4700 5 567.432; 4800 800 4800 5 580.359; 4900 800 4900 5 517.139; 5000 800 5000 5 555.79;...
 5100 800 5100 5 564.915; 5200 800 5200 5 586.041; 5300 800 5300 5 602.071; 5400 800 5400 5 618.474; 5500 800 5500 5 646.621; 5600 800 5600 5 670.436; 5700 800 5700 5 704.919; 5800 800 5800 5 718.641; 5900 800 5900 5 768.05; 6000 800 6000 5 790.806;...
 6100 800 6100 5 819.556; 6200 800 6200 5 840.755; 6300 800 6300 5 869.908; 6400 800 6400 5 915.859; 6500 800 6500 5 908.194; 6600 800 6600 5 942.282; 6700 800 6700 5 955.975; 6800 800 6800 5 1014.28; 6900 800 6900 5 1298.17; 7000 800 7000 5 1140.51;...
 7100 800 7100 5 1105.65; 7200 800 7200 5 1139.19; 7300 800 7300 5 1141.75; 7400 800 7400 5 1184.61; 7500 800 7500 5 1227.16; 7600 800 7600 5 1255.39; 7700 800 7700 5 1324.49; 7800 800 7800 5 1287.85; 7900 800 7900 5 1508.02; 8000 800 8000 5 1491.99;];

TSSQUARE_PAR = [300 800 800 5 9.476; 400 800 800 5 11.431; 500 800 800 5 13.653; 600 800 800 5 15.936; 700 800 800 5 18.778; 800 800 800 5 23.083; 900 800 800 5 22.525; 1000 800 800 5 24.661;...
 1100 800 800 5 21.846; 1200 800 800 5 26.464; 1300 800 800 5 27.064; 1400 800 800 5 31.015; 1500 800 800 5 30.965; 1600 800 800 5 28.847; 1700 800 800 5 34.552; 1800 800 800 5 32.683; 1900 800 800 5 38.946; 2000 800 800 5 36.982;...
 2100 800 800 5 43.015; 2200 800 800 5 42.429; 2300 800 800 5 53.722; 2400 800 800 5 46.687; 2500 800 800 5 50.479; 2600 800 800 5 51.885; 2700 800 800 5 49.373; 2800 800 800 5 61.726; 2900 800 800 5 60.008; 3000 800 800 5 60.557;...
 3100 800 800 5 66.905; 3200 800 800 5 58.279; 3300 800 800 5 64.201; 3400 800 800 5 71.729; 3500 800 800 5 68.535; 3600 800 800 5 86.644; 3700 800 800 5 72.415; 3800 800 800 5 80.464; 3900 800 800 5 75.47; 4000 800 800 5 75.201;...
 4100 800 800 5 80.307; 4200 800 800 5 84.855; 4300 800 800 5 81.454; 4400 800 800 5 84.304; 4500 800 800 5 84.717; 4600 800 800 5 102.26; 4700 800 800 5 86.865; 4800 800 800 5 95.051; 4900 800 800 5 100.451; 5000 800 800 5 101.349;...
 5100 800 800 5 101.075; 5200 800 800 5 101.033; 5300 800 800 5 104.582; 5400 800 800 5 97.123; 5500 800 800 5 103.732; 5600 800 800 5 104.138; 5700 800 800 5 111.26; 5800 800 800 5 117.506; 5900 800 800 5 105.608; 6000 800 800 5 111.106;...
 6100 800 800 5 110.842; 6200 800 800 5 114.712; 6300 800 800 5 116.497; 6400 800 800 5 127.055; 6500 800 800 5 129.69; 6600 800 800 5 118.702; 6700 800 800 5 134.794; 6800 800 800 5 143.205; 6900 800 800 5 140.903; 7000 800 800 5 129.026;...
 7100 800 800 5 142.55; 7200 800 800 5 132.272; 7300 800 800 5 138.348; 7400 800 800 5 156.265; 7500 800 800 5 143.274; 7600 800 800 5 151.328; 7700 800 800 5 146; 7800 800 800 5 148.384; 7900 800 800 5 141.919; 8000 800 800 5 143.569;];


