square_seq = [40 40 40 5 0.066; 60 60 60 5 0.233; 80 80 80 5 0.334; 100 100 100 5 0.637; 120 120 120 5 1.189; 140 140 140 5 1.569; 160 160 160 5 2.212; 180 180 180 5 3.196; 200 200 200 5 4.079; 220 220 220 5 5.557; 240 240 240 5 6.865; 260 260 260 5 8.7; 280 280 280 5 10.182; 300 300 300 5 12.678; 320 320 320 5 14.741; 340 340 340 5 17.945; 360 360 360 5 20.741; 380 380 380 5 24.75; 400 400 400 5 28.125; 420 420 420 5 33.05; 440 440 440 5 37.376; 460 460 460 5 43.637; 480 480 480 5 48.62; 500 500 500 5 55.949; 520 520 520 5 62.997; 540 540 540 5 70.636; 560 560 560 5 77.172; 580 580 580 5 86.429; 600 600 600 5 94.525; 620 620 620 5 105.401; 640 640 640 5 113.642; 660 660 660 5 126.331; 680 680 680 5 135.879; 700 700 700 5 151.19; 720 720 720 5 160.278; 740 740 740 5 177.538; 760 760 760 5 188.954; 780 780 780 5 207.189; 800 800 800 5 221.625; 820 820 820 5 241.557; 840 840 840 5 255.794; 860 860 860 5 277.18; 880 880 880 5 293.65; 900 900 900 5 319.089; 920 920 920 5 333.081; 940 940 940 5 362.84; 960 960 960 5 377.744; 980 980 980 5 411.486; 1000 1000 1000 5 428.95;...
 1020 1020 1020 5 464.756; 1040 1040 1040 5 495.338; 1060 1060 1060 5 520.008; 1080 1080 1080 5 539.999; 1100 1100 1100 5 580.207; 1120 1120 1120 5 601.182; 1140 1140 1140 5 648.288; 1160 1160 1160 5 670.222; 1180 1180 1180 5 717.212; 1200 1200 1200 5 737.86; 1220 1220 1220 5 791.453; 1240 1240 1240 5 815.44; 1260 1260 1260 5 883.154; 1280 1280 1280 5 898.4; 1300 1300 1300 5 957.717; 1320 1320 1320 5 983.866; 1340 1340 1340 5 1052.78; 1360 1360 1360 5 1073.18; 1380 1380 1380 5 1141.07; 1400 1400 1400 5 1169.93; 1420 1420 1420 5 1243.43; 1440 1440 1440 5 1270.68; 1460 1460 1460 5 1353.02; 1480 1480 1480 5 1378.73; 1500 1500 1500 5 1463.05; 1520 1520 1520 5 1492.76; 1540 1540 1540 5 1594.02; 1560 1560 1560 5 1668.29; 1580 1580 1580 5 1756.18; 1600 1600 1600 5 1781.53; 1620 1620 1620 5 1868.43; 1640 1640 1640 5 1903.83; 1660 1660 1660 5 1968.64; 1680 1680 1680 5 2054.76; 1700 1700 1700 5 2108.9; 1720 1720 1720 5 2144.67; 1740 1740 1740 5 2305.73; 1760 1760 1760 5 2290.39; 1780 1780 1780 5 2415.66; 1800 1800 1800 5 2459.12; 1820 1820 1820 5 2639.74; 1840 1840 1840 5 2618.34; 1860 1860 1860 5 2752.21; 1880 1880 1880 5 2799.03; 1900 1900 1900 5 2983.74; 1920 1920 1920 5 2971.21; 1940 1940 1940 5 3131.65; 1960 1960 1960 5 3161.95; 1980 1980 1980 5 3320.3; 2000 2000 2000 5 3359.69;...
 2020 2020 2020 5 3532.85; 2040 2040 2040 5 3574.56; 2060 2060 2060 5 3757.77; 2080 2080 2080 5 3885.4; 2100 2100 2100 5 3995.21; 2120 2120 2120 5 4011.28; 2140 2140 2140 5 4193.75; 2160 2160 2160 5 4236.83; 2180 2180 2180 5 4481.54; 2200 2200 2200 5 4510.52; 2220 2220 2220 5 4709.78; 2240 2240 2240 5 4692.45; 2260 2260 2260 5 5025.07; 2280 2280 2280 5 4951.92; 2300 2300 2300 5 5277.34; 2320 2320 2320 5 5224.82; 2340 2340 2340 5 5581.79; 2360 2360 2360 5 5493.9; 2380 2380 2380 5 5732.3; 2400 2400 2400 5 5797.17; 2420 2420 2420 5 6020.4; 2440 2440 2440 5 6101.32; 2460 2460 2460 5 6328.19; 2480 2480 2480 5 6372.47; 2500 2500 2500 5 6634.08;];

outer_seq = [40 10 40 5 0.059; 60 15 60 5 0.059; 80 20 80 5 0.106; 100 25 100 5 0.199; 120 30 120 5 0.283; 140 35 140 5 0.492; 160 40 160 5 0.623; 180 45 180 5 1.189; 200 50 200 5 1.116; 220 55 220 5 1.574; 240 60 240 5 1.875; 260 65 260 5 2.626; 280 70 280 5 2.84; 300 75 300 5 3.603; 320 80 320 5 4.16; 340 85 340 5 5.353; 360 90 360 5 5.748; 380 95 380 5 6.97; 400 100 400 5 7.815; 420 105 420 5 9.421; 440 110 440 5 10.16; 460 115 460 5 11.819; 480 120 480 5 12.872; 500 125 500 5 15.269; 520 130 520 5 16.318; 540 135 540 5 19.473; 560 140 560 5 20.65; 580 145 580 5 23.793; 600 150 600 5 25.208; 620 155 620 5 28.822; 640 160 640 5 30.225; 660 165 660 5 33.658; 680 170 680 5 35.179; 700 175 700 5 39.188; 720 180 720 5 42.289; 740 185 740 5 46.533; 760 190 760 5 48.824; 780 195 780 5 53.781; 800 200 800 5 57.074; 820 205 820 5 62.638; 840 210 840 5 65.71; 860 215 860 5 71.417; 880 220 880 5 75.165; 900 225 900 5 82.125; 920 230 920 5 85.493; 940 235 940 5 92.579; 960 240 960 5 96.623; 980 245 980 5 105.196; 1000 250 1000 5 109.894;...
 1020 255 1020 5 117.313; 1040 260 1040 5 126.554; 1060 265 1060 5 135.915; 1080 270 1080 5 137.479; 1100 275 1100 5 150.029; 1120 280 1120 5 152.599; 1140 285 1140 5 169.958; 1160 290 1160 5 169.092; 1180 295 1180 5 186.717; 1200 300 1200 5 186.609; 1220 305 1220 5 205.463; 1240 310 1240 5 208.264; 1260 315 1260 5 233.383; 1280 320 1280 5 226.556; 1300 325 1300 5 247.013; 1320 330 1320 5 246.922; 1340 335 1340 5 272.299; 1360 340 1360 5 270.34; 1380 345 1380 5 297.424; 1400 350 1400 5 295.42; 1420 355 1420 5 322.256; 1440 360 1440 5 320.771; 1460 365 1460 5 349.429; 1480 370 1480 5 347.348; 1500 375 1500 5 377.051; 1520 380 1520 5 379.547; 1540 385 1540 5 415.071; 1560 390 1560 5 424.993; 1580 395 1580 5 442.692; 1600 400 1600 5 452.849; 1620 405 1620 5 478.848; 1640 410 1640 5 487.638; 1660 415 1660 5 512.345; 1680 420 1680 5 527.773; 1700 425 1700 5 552.556; 1720 430 1720 5 549.184; 1740 435 1740 5 588.491; 1760 440 1760 5 586.258; 1780 445 1780 5 635.401; 1800 450 1800 5 628.137; 1820 455 1820 5 692.9; 1840 460 1840 5 689.107; 1860 465 1860 5 750.371; 1880 470 1880 5 718.801; 1900 475 1900 5 777.205; 1920 480 1920 5 759.757; 1940 485 1940 5 822.977; 1960 490 1960 5 809.845; 1980 495 1980 5 867.707; 2000 500 2000 5 859.262;...
 2020 505 2020 5 918.768; 2040 510 2040 5 914.727; 2060 515 2060 5 984.385; 2080 520 2080 5 1007.03; 2100 525 2100 5 1028.45; 2120 530 2120 5 1035.01; 2140 535 2140 5 1084.64; 2160 540 2160 5 1090.72; 2180 545 2180 5 1158.91; 2200 550 2200 5 1150.83; 2220 555 2220 5 1214.41; 2240 560 2240 5 1206.29; 2260 565 2260 5 1310.55; 2280 570 2280 5 1274.86; 2300 575 2300 5 1367.46; 2320 580 2320 5 1372.52; 2340 585 2340 5 1465.38; 2360 590 2360 5 1408.69; 2380 595 2380 5 1473.02; 2400 600 2400 5 1475.68; 2420 605 2420 5 1547.58; 2440 610 2440 5 1564.55; 2460 615 2460 5 1620.79; 2480 620 2480 5 1629.69; 2500 625 2500 5 1703.72;];

