 A = [200 200 200 0 1 ; ...
 220 220 220 0 1 ; ...
 240 240 240 0 2 ; ...
 260 260 260 0 2 ; ...
 280 280 280 0 3 ; ...
 300 300 300 0 2 ; ...
 320 320 320 0 3 ; ...
 340 340 340 0 4 ; ...
 360 360 360 0 4 ; ...
 380 380 380 0 5 ; ...
 400 400 400 0 6 ; ...
 420 420 420 0 7 ; ...
 440 440 440 0 8 ; ...
 460 460 460 0 9 ; ...
 480 480 480 0 11 ; ...
 500 500 500 0 12 ; ...
 520 520 520 0 14 ; ...
 540 540 540 0 16 ; ...
 560 560 560 0 17 ; ...
 580 580 580 0 19 ; ...
 600 600 600 0 21 ; ...
 620 620 620 0 23 ; ...
 640 640 640 0 25 ; ...
 660 660 660 0 28 ; ...
 680 680 680 0 31 ; ...
 700 700 700 0 33 ; ...
 720 720 720 0 36 ; ...
 740 740 740 0 39 ; ...
 760 760 760 0 44 ; ...
 780 780 780 0 46 ; ...
 800 800 800 0 50 ; ...
 820 820 820 0 54 ; ...
 840 840 840 0 58 ; ...
 860 860 860 0 62 ; ...
 880 880 880 0 68 ; ...
 900 900 900 0 72 ; ...
 920 920 920 0 78 ; ...
 940 940 940 0 86 ; ...
 960 960 960 0 90 ; ...
 980 980 980 0 93 ; ...
 1000 1000 1000 0 101 ; ...
 1020 1020 1020 0 108 ; ...
 1040 1040 1040 0 117 ; ...
 1060 1060 1060 0 117 ; ...
 1080 1080 1080 0 125 ; ...
 1100 1100 1100 0 132 ; ...
 1120 1120 1120 0 140 ; ...
 1140 1140 1140 0 148 ; ...
 1160 1160 1160 0 153 ; ...
 1180 1180 1180 0 161 ; ...
 1200 1200 1200 0 169 ; ...
 1220 1220 1220 0 177 ; ...
 1240 1240 1240 0 189 ; ...
 1260 1260 1260 0 195 ; ...
 1280 1280 1280 0 208 ; ...
 1300 1300 1300 0 215 ; ...
 1320 1320 1320 0 224 ; ...
 1340 1340 1340 0 239 ; ...
 1360 1360 1360 0 246 ; ...
 1380 1380 1380 0 259 ; ...
 1400 1400 1400 0 269 ; ...
 1420 1420 1420 0 280 ; ...
 1440 1440 1440 0 292 ; ...
 1460 1460 1460 0 304 ; ...
 1480 1480 1480 0 317 ; ...
 1500 1500 1500 0 331 ; ...
 1520 1520 1520 0 344 ; ...
 1540 1540 1540 0 361 ; ...
 1560 1560 1560 0 371 ; ...
 1580 1580 1580 0 387 ; ...
 1600 1600 1600 0 407 ; ...
 1620 1620 1620 0 420 ; ...
 1640 1640 1640 0 436 ; ...
 1660 1660 1660 0 457 ; ...
 1680 1680 1680 0 473 ; ...
 1700 1700 1700 0 490 ; ...
 1720 1720 1720 0 502 ; ...
 1740 1740 1740 0 523 ; ...
 1760 1760 1760 0 541 ; ...
 1780 1780 1780 0 552 ; ...
 1800 1800 1800 0 572 ; ...
 1820 1820 1820 0 589 ; ...
 1840 1840 1840 0 611 ; ...
 1860 1860 1860 0 627 ; ...
 1880 1880 1880 0 650 ; ...
 1900 1900 1900 0 677 ; ...
 1920 1920 1920 0 694 ; ...
 1940 1940 1940 0 714 ; ...
 1960 1960 1960 0 735 ; ...
 1980 1980 1980 0 759 ; ...
 2000 2000 2000 0 779 ; ...
 2020 2020 2020 0 803 ; ...
 2040 2040 2040 0 828 ; ...
 2060 2060 2060 0 854 ; ...
 2080 2080 2080 0 879 ; ...
 2100 2100 2100 0 905 ; ...
 2120 2120 2120 0 927 ; ...
 2140 2140 2140 0 952 ; ...
 2160 2160 2160 0 983 ; ...
 2180 2180 2180 0 1012 ; ...
 2200 2200 2200 0 1033 ; ...
 2220 2220 2220 0 1064 ; ...
 2240 2240 2240 0 1089 ; ...
 2260 2260 2260 0 1155 ; ...
 2280 2280 2280 0 1186 ; ...
 2300 2300 2300 0 1182 ; ...
 2320 2320 2320 0 1227 ; ...
 2340 2340 2340 0 1242 ; ...
 2360 2360 2360 0 1271 ; ...
 2380 2380 2380 0 1309 ; ...
 2400 2400 2400 0 1341 ; ...
 2420 2420 2420 0 1369 ; ...
 2440 2440 2440 0 1426 ; ...
 2460 2460 2460 0 1441 ; ...
 2480 2480 2480 0 1476 ; ...
 2500 2500 2500 0 1514 ; ...
 2520 2520 2520 0 1622 ; ...
 2540 2540 2540 0 1610 ; ...
 2560 2560 2560 0 1705 ; ...
 2580 2580 2580 0 1724 ; ...
 2600 2600 2600 0 1695 ; ...
 2620 2620 2620 0 1738 ; ...
 2640 2640 2640 0 1785 ; ...
 2660 2660 2660 0 1823 ; ...
 2680 2680 2680 0 1859 ; ...
 2700 2700 2700 0 1900 ; ...
 2720 2720 2720 0 1949 ; ...
 2740 2740 2740 0 2012 ; ...
 2760 2760 2760 0 2030 ; ...
 2780 2780 2780 0 2076 ; ...
 2800 2800 2800 0 2124 ; ...
 2820 2820 2820 0 2185 ; ...
 2840 2840 2840 0 2241 ; ...
 2860 2860 2860 0 2259 ; ...
 2880 2880 2880 0 2338 ; ...
 2900 2900 2900 0 2369 ; ...
 2920 2920 2920 0 2411 ; ...
 2940 2940 2940 0 3387 ; ...
 2960 2960 2960 0 3168 ; ...
 2980 2980 2980 0 2564 ; ...
 3000 3000 3000 0 3585 ; ...
 3020 3020 3020 0 2650 ; ...
 3040 3040 3040 0 2781 ; ...
 3060 3060 3060 0 2839 ; ...
 3080 3080 3080 0 2826 ; ...
 3100 3100 3100 0 2879 ; ...
 3120 3120 3120 0 2997 ; ...
 3140 3140 3140 0 3031 ; ...
 3160 3160 3160 0 4101 ; ...
 3180 3180 3180 0 3099 ; ...
 3200 3200 3200 0 3166 ; ...
 3220 3220 3220 0 3223 ; ...
 3240 3240 3240 0 3310 ; ...
 3260 3260 3260 0 3397 ; ...
 3280 3280 3280 0 3393 ; ...
 3300 3300 3300 0 3493 ; ...
 3320 3320 3320 0 3507 ; ...
 3340 3340 3340 0 3666 ; ...
 3360 3360 3360 0 3662 ; ...
 3380 3380 3380 0 3754 ; ...
 3400 3400 3400 0 3790 ; ...
 3420 3420 3420 0 3879 ; ...
 3440 3440 3440 0 3949 ; ...
 3460 3460 3460 0 3986 ; ...
 3480 3480 3480 0 4069 ; ...
 3500 3500 3500 0 4117 ; ...
 3520 3520 3520 0 4200 ; ...
 3540 3540 3540 0 4268 ; ...
 3560 3560 3560 0 4319 ; ...
 3580 3580 3580 0 4418 ; ...
 3600 3600 3600 0 4498 ; ...
 3620 3620 3620 0 4590 ; ...
 3640 3640 3640 0 4655 ; ...
 3660 3660 3660 0 4703 ; ...
 3680 3680 3680 0 4798 ; ...
 3700 3700 3700 0 4872 ; ...
 3720 3720 3720 0 5005 ; ...
 3740 3740 3740 0 5020 ; ...
 3760 3760 3760 0 5105 ; ...
 3780 3780 3780 0 5184 ; ...
 3800 3800 3800 0 5268 ; ...
 3820 3820 3820 0 5340 ; ...
 3840 3840 3840 0 5471 ; ...
 3860 3860 3860 0 5569 ; ...
 3880 3880 3880 0 5607 ; ...
 3900 3900 3900 0 5703 ; ...
 3920 3920 3920 0 5860 ; ...
 3940 3940 3940 0 5911 ; ...
 3960 3960 3960 0 6037 ; ...
 3980 3980 3980 0 6144 ; ...
 4000 4000 4000 0 6187];

