MKL_0_24 = [ 6000 2800 6000 0 687.427 ;  6500 2800 6500 0 670.148 ;  7000 2800 7000 0 730.103 ;  7500 2800 7500 0 788.696 ;  8000 2800 8000 0 932.579 ;  8500 2800 8500 0 984.017 ;  9000 2800 9000 0 1226.86 ;  9500 2800 9500 0 1290.56 ;  10000 2800 10000 0 1375.04 ;  10500 2800 10500 0 1481.05 ;  11000 2800 11000 0 1547.72 ;  11500 2800 11500 0 1732.17 ;  12000 2800 12000 0 1862.64 ;  12500 2800 12500 0 2042.56 ;  13000 2800 13000 0 2172.04 ;  13500 2800 13500 0 2296.92 ;  14000 2800 14000 0 2382.9 ;  14500 2800 14500 0 2643.63 ;  15000 2800 15000 0 2778.32 ;  15500 2800 15500 0 2985.07 ;  16000 2800 16000 0 3065.12 ;  16500 2800 16500 0 3331.59 ;  17000 2800 17000 0 3450.2 ;  17500 2800 17500 0 3785.03 ;  18000 2800 18000 0 3914.65 ; ];

FAST424_26_257_1_DFS24 = [ 6000 2800 6000 1 837.31 ;  6500 2800 6500 1 751.414 ;  7000 2800 7000 1 785.628 ;  7500 2800 7500 1 894.987 ;  8000 2800 8000 1 955.402 ;  8500 2800 8500 1 1053.71 ;  9000 2800 9000 1 1197.23 ;  9500 2800 9500 1 1288.57 ;  10000 2800 10000 1 1382.59 ;  10500 2800 10500 1 1564.75 ;  11000 2800 11000 1 1590.99 ;  11500 2800 11500 1 1900.33 ;  12000 2800 12000 1 1912.23 ;  12500 2800 12500 1 2077.52 ;  13000 2800 13000 1 2211.87 ;  13500 2800 13500 1 2333.29 ;  14000 2800 14000 1 2567.87 ;  14500 2800 14500 1 2672.84 ;  15000 2800 15000 1 2803.66 ;  15500 2800 15500 1 3072.02 ;  16000 2800 16000 1 3164.04 ;  16500 2800 16500 1 3553.3 ;  17000 2800 17000 1 3713.04 ;  17500 2800 17500 1 3834.55 ;  18000 2800 18000 1 3966.56 ; ];
FAST424_26_257_2_DFS24 = [ 6000 2800 6000 2 1109.35 ;  6500 2800 6500 2 1294.24 ;  7000 2800 7000 2 1434.09 ;  7500 2800 7500 2 1554.44 ;  8000 2800 8000 2 1751.59 ;  8500 2800 8500 2 1890.41 ;  9000 2800 9000 2 2018.53 ;  9500 2800 9500 2 2236.93 ;  10000 2800 10000 2 2238.76 ;  10500 2800 10500 2 2435.12 ;  11000 2800 11000 2 2634.67 ;  11500 2800 11500 2 2775.56 ;  12000 2800 12000 2 2763.41 ;  12500 2800 12500 2 3029.25 ;  13000 2800 13000 2 3194.12 ;  13500 2800 13500 2 3300.89 ;  14000 2800 14000 2 3546.33 ;  14500 2800 14500 2 3851.9 ;  15000 2800 15000 2 4035.48 ;  15500 2800 15500 2 4144.75 ;  16000 2800 16000 2 4901.91 ;  16500 2800 16500 2 4918.83 ;  17000 2800 17000 2 5035.23 ;  17500 2800 17500 2 5451.62 ;  18000 2800 18000 2 5590.33 ; ];

FAST433_29_234_1_DFS24 = [ 6000 2800 6000 1 738.702 ;  6500 2800 6500 1 823.624 ;  7000 2800 7000 1 809.364 ;  7500 2800 7500 1 911.143 ;  8000 2800 8000 1 1106.99 ;  8500 2800 8500 1 1128.95 ;  9000 2800 9000 1 1324.43 ;  9500 2800 9500 1 1446.96 ;  10000 2800 10000 1 1512.76 ;  10500 2800 10500 1 1718.49 ;  11000 2800 11000 1 1848.2 ;  11500 2800 11500 1 2044.97 ;  12000 2800 12000 1 2168.35 ;  12500 2800 12500 1 2278.95 ;  13000 2800 13000 1 2524.34 ;  13500 2800 13500 1 2554.08 ;  14000 2800 14000 1 2875.83 ;  14500 2800 14500 1 3020.23 ;  15000 2800 15000 1 3045.49 ;  15500 2800 15500 1 3371.46 ;  16000 2800 16000 1 3538.11 ;  16500 2800 16500 1 3865.78 ;  17000 2800 17000 1 3928.9 ;  17500 2800 17500 1 4206.42 ;  18000 2800 18000 1 4383.57 ; ];
FAST433_29_234_2_DFS24 = [ 6000 2800 6000 2 1410.59 ;  6500 2800 6500 2 1510.29 ;  7000 2800 7000 2 1747.27 ;  7500 2800 7500 2 1852.14 ;  8000 2800 8000 2 1959.4 ;  8500 2800 8500 2 2152.71 ;  9000 2800 9000 2 2340.57 ;  9500 2800 9500 2 2570.69 ;  10000 2800 10000 2 2565.69 ;  10500 2800 10500 2 2888.09 ;  11000 2800 11000 2 3063.81 ;  11500 2800 11500 2 3162.61 ;  12000 2800 12000 2 3404.42 ;  12500 2800 12500 2 3746.2 ;  13000 2800 13000 2 3777.92 ;  13500 2800 13500 2 4133.42 ;  14000 2800 14000 2 4596.84 ;  14500 2800 14500 2 4713.7 ;  15000 2800 15000 2 5300.55 ;  15500 2800 15500 2 5362.84 ;  16000 2800 16000 2 6203.5 ;  16500 2800 16500 2 6356.74 ;  17000 2800 17000 2 7194.73 ;  17500 2800 17500 2 7028.79 ;  18000 2800 18000 2 7114.78 ; ];

FAST323_15_103_1_DFS24 = [ 6000 2800 6000 1 693.347 ;  6500 2800 6500 1 634.377 ;  7000 2800 7000 1 743.823 ;  7500 2800 7500 1 810.652 ;  8000 2800 8000 1 950.198 ;  8500 2800 8500 1 1054.8 ;  9000 2800 9000 1 1137.55 ;  9500 2800 9500 1 1271.91 ;  10000 2800 10000 1 1419.79 ;  10500 2800 10500 1 1515.32 ;  11000 2800 11000 1 1614.13 ;  11500 2800 11500 1 1799.36 ;  12000 2800 12000 1 1914.56 ;  12500 2800 12500 1 2127.02 ;  13000 2800 13000 1 2192.82 ;  13500 2800 13500 1 2364.76 ;  14000 2800 14000 1 2455.28 ;  14500 2800 14500 1 2695.95 ;  15000 2800 15000 1 2828.51 ;  15500 2800 15500 1 3057.59 ;  16000 2800 16000 1 3253.29 ;  16500 2800 16500 1 3443.86 ;  17000 2800 17000 1 3553.92 ;  17500 2800 17500 1 3878.79 ;  18000 2800 18000 1 4101.88 ; ];
FAST323_15_103_2_DFS24 = [ 6000 2800 6000 2 868.248 ;  6500 2800 6500 2 915.22 ;  7000 2800 7000 2 977.949 ;  7500 2800 7500 2 1191.94 ;  8000 2800 8000 2 1284.42 ;  8500 2800 8500 2 1324.35 ;  9000 2800 9000 2 1571.82 ;  9500 2800 9500 2 1895.39 ;  10000 2800 10000 2 1839.43 ;  10500 2800 10500 2 1992.01 ;  11000 2800 11000 2 2139 ;  11500 2800 11500 2 2428.04 ;  12000 2800 12000 2 2520.05 ;  12500 2800 12500 2 2736.72 ;  13000 2800 13000 2 2654.01 ;  13500 2800 13500 2 2869.65 ;  14000 2800 14000 2 3245.36 ;  14500 2800 14500 2 3366.38 ;  15000 2800 15000 2 3438.83 ;  15500 2800 15500 2 3651.3 ;  16000 2800 16000 2 3650.31 ;  16500 2800 16500 2 3923.35 ;  17000 2800 17000 2 3972.32 ;  17500 2800 17500 2 4245.27 ;  18000 2800 18000 2 4561.05 ; ];

FAST522_18_99_1_DFS24 = [ 6000 2800 6000 1 755.332 ;  6500 2800 6500 1 725.966 ;  7000 2800 7000 1 801.068 ;  7500 2800 7500 1 942.892 ;  8000 2800 8000 1 992.834 ;  8500 2800 8500 1 1107.52 ;  9000 2800 9000 1 1193.91 ;  9500 2800 9500 1 1345.48 ;  10000 2800 10000 1 1549.53 ;  10500 2800 10500 1 1669.48 ;  11000 2800 11000 1 1713.75 ;  11500 2800 11500 1 1907.26 ;  12000 2800 12000 1 1934.8 ;  12500 2800 12500 1 2075.2 ;  13000 2800 13000 1 2242.15 ;  13500 2800 13500 1 2447.95 ;  14000 2800 14000 1 2687.66 ;  14500 2800 14500 1 2879.34 ;  15000 2800 15000 1 3104.69 ;  15500 2800 15500 1 3285.35 ;  16000 2800 16000 1 3481.82 ;  16500 2800 16500 1 3655.19 ;  17000 2800 17000 1 3913.21 ;  17500 2800 17500 1 4167.48 ;  18000 2800 18000 1 4332.78 ; ];
FAST522_18_99_2_DFS24 = [ 6000 2800 6000 2 1000.95 ;  6500 2800 6500 2 1049.48 ;  7000 2800 7000 2 1285.84 ;  7500 2800 7500 2 1306.49 ;  8000 2800 8000 2 1357.68 ;  8500 2800 8500 2 1644.03 ;  9000 2800 9000 2 1699.89 ;  9500 2800 9500 2 2058.03 ;  10000 2800 10000 2 2049.64 ;  10500 2800 10500 2 2139.19 ;  11000 2800 11000 2 2468.28 ;  11500 2800 11500 2 2643.37 ;  12000 2800 12000 2 2739.34 ;  12500 2800 12500 2 3075.58 ;  13000 2800 13000 2 3139.17 ;  13500 2800 13500 2 3571.95 ;  14000 2800 14000 2 3669.37 ;  14500 2800 14500 2 3745.15 ;  15000 2800 15000 2 4166.46 ;  15500 2800 15500 2 4278.74 ;  16000 2800 16000 2 4425.41 ;  16500 2800 16500 2 4911.08 ;  17000 2800 17000 2 5077.25 ;  17500 2800 17500 2 5544.98 ;  18000 2800 18000 2 5646.89 ; ];

FAST423_20_144_1_DFS24 = [ 6000 2800 6000 1 664.341 ;  6500 2800 6500 1 736.751 ;  7000 2800 7000 1 833.872 ;  7500 2800 7500 1 965.488 ;  8000 2800 8000 1 992.986 ;  8500 2800 8500 1 1054.58 ;  9000 2800 9000 1 1249.24 ;  9500 2800 9500 1 1345.38 ;  10000 2800 10000 1 1370.42 ;  10500 2800 10500 1 1556.78 ;  11000 2800 11000 1 1569.01 ;  11500 2800 11500 1 1814.39 ;  12000 2800 12000 1 1934.21 ;  12500 2800 12500 1 2120.74 ;  13000 2800 13000 1 2208.9 ;  13500 2800 13500 1 2337.81 ;  14000 2800 14000 1 2536.16 ;  14500 2800 14500 1 2685.76 ;  15000 2800 15000 1 2803.82 ;  15500 2800 15500 1 3064.51 ;  16000 2800 16000 1 3207.75 ;  16500 2800 16500 1 3559.25 ;  17000 2800 17000 1 3594.56 ;  17500 2800 17500 1 3861.69 ;  18000 2800 18000 1 4047.04 ; ];
