MKL_0_6 = [ 10000 2800 10000 0 4496.82 ;  10500 2800 10500 0 5099.18 ;  11000 2800 11000 0 5452.93 ;  11500 2800 11500 0 6139.04 ;  12000 2800 12000 0 6783.97 ;  12500 2800 12500 0 7140.53 ;  13000 2800 13000 0 7594.29 ;  13500 2800 13500 0 8325.7 ;  14000 2800 14000 0 8786 ;  14500 2800 14500 0 9590.67 ;  15000 2800 15000 0 10086.9 ;  15500 2800 15500 0 10969.2 ;  16000 2800 16000 0 11474.1 ;  16500 2800 16500 0 12467 ;  17000 2800 17000 0 12942 ;  17500 2800 17500 0 13994.6 ;  18000 2800 18000 0 14513.4 ; ];

% HYBRID
FAST424_26_257_1_HYBRID6 = [ 10000 2800 10000 1 4157.37 ;  10500 2800 10500 1 4612.54 ;  11000 2800 11000 1 4993.85 ;  11500 2800 11500 1 5442.39 ;  12000 2800 12000 1 5914.85 ;  12500 2800 12500 1 6533.02 ;  13000 2800 13000 1 6864.73 ;  13500 2800 13500 1 7497.87 ;  14000 2800 14000 1 8042.33 ;  14500 2800 14500 1 8590.8 ;  15000 2800 15000 1 9136.91 ;  15500 2800 15500 1 9857.16 ;  16000 2800 16000 1 10474.9 ;  16500 2800 16500 1 11172.2 ;  17000 2800 17000 1 11725.1 ;  17500 2800 17500 1 12812.2 ;  18000 2800 18000 1 13200.9 ; ];
FAST424_26_257_2_HYBRID6 = [ 10000 2800 10000 2 4498.23 ;  10500 2800 10500 2 4919.3 ;  11000 2800 11000 2 5619.45 ;  11500 2800 11500 2 6081.99 ;  12000 2800 12000 2 6377.8 ;  12500 2800 12500 2 6981.74 ;  13000 2800 13000 2 7631.64 ;  13500 2800 13500 2 8323.29 ;  14000 2800 14000 2 8702.6 ;  14500 2800 14500 2 9257.17 ;  15000 2800 15000 2 10221.4 ;  15500 2800 15500 2 10743 ;  16000 2800 16000 2 11104.7 ;  16500 2800 16500 2 12016.6 ;  17000 2800 17000 2 12834.8 ;  17500 2800 17500 2 13798.7 ;  18000 2800 18000 2 14108.3 ; ];

FAST433_29_234_1_HYBRID6 = [ 10000 2800 10000 1 4234.2 ;  10500 2800 10500 1 4687.34 ;  11000 2800 11000 1 5019.84 ;  11500 2800 11500 1 5494.47 ;  12000 2800 12000 1 5923.83 ;  12500 2800 12500 1 6631 ;  13000 2800 13000 1 6959.6 ;  13500 2800 13500 1 7544.02 ;  14000 2800 14000 1 8125.03 ;  14500 2800 14500 1 8718.19 ;  15000 2800 15000 1 9247.62 ;  15500 2800 15500 1 9981.56 ;  16000 2800 16000 1 10553.5 ;  16500 2800 16500 1 11299.9 ;  17000 2800 17000 1 11894.8 ;  17500 2800 17500 1 12971.2 ;  18000 2800 18000 1 13316.1 ; ];
FAST433_29_234_2_HYBRID6 = [ 10000 2800 10000 2 5120.15 ;  10500 2800 10500 2 5183.64 ;  11000 2800 11000 2 5894.98 ;  11500 2800 11500 2 6397.22 ;  12000 2800 12000 2 6788.84 ;  12500 2800 12500 2 7501.26 ;  13000 2800 13000 2 8123.73 ;  13500 2800 13500 2 8909.46 ;  14000 2800 14000 2 9474.93 ;  14500 2800 14500 2 9980.65 ;  15000 2800 15000 2 10975.3 ;  15500 2800 15500 2 11468.5 ;  16000 2800 16000 2 12213.4 ;  16500 2800 16500 2 13097.4 ;  17000 2800 17000 2 14071.3 ;  17500 2800 17500 2 15144.1 ;  18000 2800 18000 2 15747.1 ; ];

FAST323_15_103_1_HYBRID6 = [ 10000 2800 10000 1 4268.66 ;  10500 2800 10500 1 4591.78 ;  11000 2800 11000 1 5038.33 ;  11500 2800 11500 1 5527.06 ;  12000 2800 12000 1 5968.68 ;  12500 2800 12500 1 6479.68 ;  13000 2800 13000 1 6999.92 ;  13500 2800 13500 1 7508.77 ;  14000 2800 14000 1 8067.22 ;  14500 2800 14500 1 8659.68 ;  15000 2800 15000 1 9262.54 ;  15500 2800 15500 1 9891.93 ;  16000 2800 16000 1 10530.6 ;  16500 2800 16500 1 11161.8 ;  17000 2800 17000 1 11807.6 ;  17500 2800 17500 1 12590.2 ;  18000 2800 18000 1 13278.4 ; ];
FAST323_15_103_2_HYBRID6 = [ 10000 2800 10000 2 4331.57 ;  10500 2800 10500 2 4866.7 ;  11000 2800 11000 2 5178.56 ;  11500 2800 11500 2 5648.37 ;  12000 2800 12000 2 5917.29 ;  12500 2800 12500 2 6598.99 ;  13000 2800 13000 2 6946.21 ;  13500 2800 13500 2 7390.65 ;  14000 2800 14000 2 8171.83 ;  14500 2800 14500 2 8629.79 ;  15000 2800 15000 2 9374.26 ;  15500 2800 15500 2 9917.24 ;  16000 2800 16000 2 10691.4 ;  16500 2800 16500 2 11140.6 ;  17000 2800 17000 2 12001.4 ;  17500 2800 17500 2 12500.9 ;  18000 2800 18000 2 13155.2 ; ];

FAST522_18_99_1_HYBRID6 = [ 10000 2800 10000 1 4485.38 ;  10500 2800 10500 1 4898.41 ;  11000 2800 11000 1 5362.36 ;  11500 2800 11500 1 5966.63 ;  12000 2800 12000 1 6383.2 ;  12500 2800 12500 1 6911.86 ;  13000 2800 13000 1 7505.16 ;  13500 2800 13500 1 8108.52 ;  14000 2800 14000 1 8708.95 ;  14500 2800 14500 1 9343.22 ;  15000 2800 15000 1 9940.45 ;  15500 2800 15500 1 10664.2 ;  16000 2800 16000 1 11411.5 ;  16500 2800 16500 1 12064.5 ;  17000 2800 17000 1 12757.1 ;  17500 2800 17500 1 13474.8 ;  18000 2800 18000 1 14215.1 ; ];
FAST522_18_99_2_HYBRID6 = [ 10000 2800 10000 2 4604.01 ;  10500 2800 10500 2 5057.56 ;  11000 2800 11000 2 5479.43 ;  11500 2800 11500 2 6018.22 ;  12000 2800 12000 2 6452.58 ;  12500 2800 12500 2 7023.86 ;  13000 2800 13000 2 7540.12 ;  13500 2800 13500 2 8112.05 ;  14000 2800 14000 2 8658.24 ;  14500 2800 14500 2 9356.03 ;  15000 2800 15000 2 9859.85 ;  15500 2800 15500 2 10542.1 ;  16000 2800 16000 2 11141.6 ;  16500 2800 16500 2 11875.5 ;  17000 2800 17000 2 12524 ;  17500 2800 17500 2 13367.8 ;  18000 2800 18000 2 14069.5 ; ];

FAST423_20_144_1_HYBRID6 = [ 10000 2800 10000 1 4185.5 ;  10500 2800 10500 1 4680.06 ;  11000 2800 11000 1 5064.99 ;  11500 2800 11500 1 5544.46 ;  12000 2800 12000 1 5990.49 ;  12500 2800 12500 1 6624.58 ;  13000 2800 13000 1 6937.83 ;  13500 2800 13500 1 7569.38 ;  14000 2800 14000 1 8183.83 ;  14500 2800 14500 1 8708.18 ;  15000 2800 15000 1 9288.46 ;  15500 2800 15500 1 10029.1 ;  16000 2800 16000 1 10625 ;  16500 2800 16500 1 11305.5 ;  17000 2800 17000 1 11926.7 ;  17500 2800 17500 1 13028.7 ;  18000 2800 18000 1 13313.1 ; ];
FAST423_20_144_2_HYBRID6 = [ 10000 2800 10000 2 4701.16 ;  10500 2800 10500 2 5094.59 ;  11000 2800 11000 2 5795.12 ;  11500 2800 11500 2 6294.66 ;  12000 2800 12000 2 6584.85 ;  12500 2800 12500 2 7198.53 ;  13000 2800 13000 2 7810.59 ;  13500 2800 13500 2 8478.63 ;  14000 2800 14000 2 8913.16 ;  14500 2800 14500 2 9385.55 ;  15000 2800 15000 2 10343.4 ;  15500 2800 15500 2 10900.9 ;  16000 2800 16000 2 11251.9 ;  16500 2800 16500 2 12121.4 ;  17000 2800 17000 2 12912.8 ;  17500 2800 17500 2 13889.3 ;  18000 2800 18000 2 14279.9 ; ];

STRASSEN_1_HYBRID6 = [ 10000 2800 10000 1 4270.23 ;  10500 2800 10500 1 4695.12 ;  11000 2800 11000 1 5163.54 ;  11500 2800 11500 1 5729.9 ;  12000 2800 12000 1 6156.62 ;  12500 2800 12500 1 6630.7 ;  13000 2800 13000 1 7173.81 ;  13500 2800 13500 1 7684.73 ;  14000 2800 14000 1 8327 ;  14500 2800 14500 1 8891.02 ;  15000 2800 15000 1 9510.64 ;  15500 2800 15500 1 10078.9 ;  16000 2800 16000 1 10811.5 ;  16500 2800 16500 1 11493.6 ;  17000 2800 17000 1 12170.4 ;  17500 2800 17500 1 12797.3 ;  18000 2800 18000 1 13607.4 ; ];
STRASSEN_2_HYBRID6 = [ 10000 2800 10000 2 4477.55 ;  10500 2800 10500 2 5001.06 ;  11000 2800 11000 2 5365.63 ;  11500 2800 11500 2 5871.45 ;  12000 2800 12000 2 6350.96 ;  12500 2800 12500 2 7093.45 ;  13000 2800 13000 2 7439.92 ;  13500 2800 13500 2 8064.92 ;  14000 2800 14000 2 8565.25 ;  14500 2800 14500 2 9187.82 ;  15000 2800 15000 2 9822.27 ;  15500 2800 15500 2 10579.9 ;  16000 2800 16000 2 11239 ;  16500 2800 16500 2 11999.3 ;  17000 2800 17000 2 12585.8 ;  17500 2800 17500 2 13644.6 ;  18000 2800 18000 2 14120.3 ; ];

BINI322_1_HYBRID6 = [ 10000 2800 10000 1 4278.48 ;  10500 2800 10500 1 4600.8 ;  11000 2800 11000 1 4988.91 ;  11500 2800 11500 1 5492.89 ;  12000 2800 12000 1 5982.91 ;  12500 2800 12500 1 6432.91 ;  13000 2800 13000 1 6971.38 ;  13500 2800 13500 1 7489.36 ;  14000 2800 14000 1 8008.76 ;  14500 2800 14500 1 8628.06 ;  15000 2800 15000 1 9232.23 ;  15500 2800 15500 1 9838.61 ;  16000 2800 16000 1 10493.8 ;  16500 2800 16500 1 11137.7 ;  17000 2800 17000 1 11741.9 ;  17500 2800 17500 1 12548.3 ;  18000 2800 18000 1 13260.8 ; ];
