function paper_edison_square()

MKL_0 = [ 1000 1000 1000 0 108.154 ;  1500 1500 1500 0 297.852 ;  2000 2000 2000 0 688.078 ;  2500 2500 2500 0 1345.58 ;  3000 3000 3000 0 2271.38 ;  3500 3500 3500 0 3653.2 ;  4000 4000 4000 0 5360.56 ;  4500 4500 4500 0 7755.14 ;  5000 5000 5000 0 10467.9 ;  5500 5500 5500 0 14034.4 ;  6000 6000 6000 0 18074.9 ;  6500 6500 6500 0 23077.5 ;  7000 7000 7000 0 28412.4 ;  7500 7500 7500 0 35471.9 ; ];

STRASSEN_1 = [ 1000 1000 1000 1 405.79 ;  1500 1500 1500 1 289.744 ;  2000 2000 2000 1 667.291 ;  2500 2500 2500 1 1294.84 ;  3000 3000 3000 1 2167.26 ;  3500 3500 3500 1 3432.32 ;  4000 4000 4000 1 4959.95 ;  4500 4500 4500 1 7345.13 ;  5000 5000 5000 1 9830.11 ;  5500 5500 5500 1 13104.8 ;  6000 6000 6000 1 16521.5 ;  6500 6500 6500 1 21425.8 ;  7000 7000 7000 1 26377.8 ;  7500 7500 7500 1 32499.3 ; ];
STRASSEN_2 = [ 1000 1000 1000 2 95.156 ;  1500 1500 1500 2 301.721 ;  2000 2000 2000 2 661.54 ;  2500 2500 2500 2 1251.32 ;  3000 3000 3000 2 2138.93 ;  3500 3500 3500 2 3485.46 ;  4000 4000 4000 2 4836.33 ;  4500 4500 4500 2 7094.94 ;  5000 5000 5000 2 9403.85 ;  5500 5500 5500 2 12559.1 ;  6000 6000 6000 2 15789.5 ;  6500 6500 6500 2 20251.9 ;  7000 7000 7000 2 24848.1 ;  7500 7500 7500 2 30967.1 ; ];
STRASSEN_3 = [ 1000 1000 1000 3 108.619 ;  1500 1500 1500 3 324.35 ;  2000 2000 2000 3 672.179 ;  2500 2500 2500 3 1288.86 ;  3000 3000 3000 3 2296.55 ;  3500 3500 3500 3 3592.95 ;  4000 4000 4000 3 4887.59 ;  4500 4500 4500 3 7136.78 ;  5000 5000 5000 3 9181.16 ;  5500 5500 5500 3 12565.4 ;  6000 6000 6000 3 15561.1 ;  6500 6500 6500 3 20792.9 ;  7000 7000 7000 3 25249.2 ;  7500 7500 7500 3 31584.1 ; ];

BINI322_1 = [ 1000 1000 1000 1 92.956 ;  1500 1500 1500 1 294.53 ;  2000 2000 2000 1 696.231 ;  2500 2500 2500 1 1278.34 ;  3000 3000 3000 1 2054.8 ;  3500 3500 3500 1 3404.71 ;  4000 4000 4000 1 4998.41 ;  4500 4500 4500 1 6904.01 ;  5000 5000 5000 1 9731.98 ;  5500 5500 5500 1 12867.8 ;  6000 6000 6000 1 15880.9 ;  6500 6500 6500 1 20919 ;  7000 7000 7000 1 25944.8 ;  7500 7500 7500 1 30980.6 ; ];
BINI322_2 = [ 1000 1000 1000 2 95.028 ;  1500 1500 1500 2 316.381 ;  2000 2000 2000 2 667.407 ;  2500 2500 2500 2 1321.03 ;  3000 3000 3000 2 2089.25 ;  3500 3500 3500 2 3492.93 ;  4000 4000 4000 2 5015.17 ;  4500 4500 4500 2 6614.9 ;  5000 5000 5000 2 9469.75 ;  5500 5500 5500 2 11986.7 ;  6000 6000 6000 2 15541.6 ;  6500 6500 6500 2 19020.1 ;  7000 7000 7000 2 24681.6 ;  7500 7500 7500 2 29344.1 ; ];
BINI322_3 = [ 1000 1000 1000 3 123.962 ;  1500 1500 1500 3 382.466 ;  2000 2000 2000 3 738.429 ;  2500 2500 2500 3 1446.97 ;  3000 3000 3000 3 2203.73 ;  3500 3500 3500 3 3994.86 ;  4000 4000 4000 3 4972.34 ;  4500 4500 4500 3 7245.87 ;  5000 5000 5000 3 9239.44 ;  5500 5500 5500 3 12729.9 ;  6000 6000 6000 3 14986.1 ;  6500 6500 6500 3 19536.8 ;  7000 7000 7000 3 23724.1 ;  7500 7500 7500 3 31465.4 ; ];

FAST322_11_50_1 = [ 1000 1000 1000 1 97.631 ;  1500 1500 1500 1 306.397 ;  2000 2000 2000 1 765.323 ;  2500 2500 2500 1 1386.91 ;  3000 3000 3000 1 2236.62 ;  3500 3500 3500 1 3703.23 ;  4000 4000 4000 1 5429.88 ;  4500 4500 4500 1 7538.35 ;  5000 5000 5000 1 10505.4 ;  5500 5500 5500 1 13975.4 ;  6000 6000 6000 1 17304.1 ;  6500 6500 6500 1 22758.6 ;  7000 7000 7000 1 28305.5 ;  7500 7500 7500 1 33798.6 ; ];
FAST322_11_50_2 = [ 1000 1000 1000 2 114.626 ;  1500 1500 1500 2 364.163 ;  2000 2000 2000 2 793.357 ;  2500 2500 2500 2 1536.14 ;  3000 3000 3000 2 2447.74 ;  3500 3500 3500 2 3974.7 ;  4000 4000 4000 2 5789.37 ;  4500 4500 4500 2 7652.83 ;  5000 5000 5000 2 11117 ;  5500 5500 5500 2 13988.7 ;  6000 6000 6000 2 18286.2 ;  6500 6500 6500 2 22407.6 ;  7000 7000 7000 2 28984.2 ;  7500 7500 7500 2 34667.9 ; ];
FAST322_11_50_3 = [ 1000 1000 1000 3 141.81 ;  1500 1500 1500 3 458.613 ;  2000 2000 2000 3 865.181 ;  2500 2500 2500 3 1790.81 ;  3000 3000 3000 3 2756.31 ;  3500 3500 3500 3 4832.97 ;  4000 4000 4000 3 6175.9 ;  4500 4500 4500 3 9029.21 ;  5000 5000 5000 3 11505 ;  5500 5500 5500 3 16046 ;  6000 6000 6000 3 19073.5 ;  6500 6500 6500 3 24617.4 ;  7000 7000 7000 3 29849.2 ;  7500 7500 7500 3 39235.2 ; ];

FAST422_14_84_1 = [ 1000 1000 1000 1 93.452 ;  1500 1500 1500 1 318.64 ;  2000 2000 2000 1 690.509 ;  2500 2500 2500 1 1328.73 ;  3000 3000 3000 1 2255.35 ;  3500 3500 3500 1 3531.32 ;  4000 4000 4000 1 5022.58 ;  4500 4500 4500 1 7471.42 ;  5000 5000 5000 1 10034.7 ;  5500 5500 5500 1 13362.2 ;  6000 6000 6000 1 17407.4 ;  6500 6500 6500 1 22809.1 ;  7000 7000 7000 1 26966.4 ;  7500 7500 7500 1 33622.9 ; ];
FAST422_14_84_2 = [ 1000 1000 1000 2 119.959 ;  1500 1500 1500 2 373.77 ;  2000 2000 2000 2 750.823 ;  2500 2500 2500 2 1441.31 ;  3000 3000 3000 2 2484.99 ;  3500 3500 3500 2 3874.02 ;  4000 4000 4000 2 5356.83 ;  4500 4500 4500 2 7881.59 ;  5000 5000 5000 2 10491.2 ;  5500 5500 5500 2 14219.8 ;  6000 6000 6000 2 17181.1 ;  6500 6500 6500 2 22071 ;  7000 7000 7000 2 27757.5 ;  7500 7500 7500 2 33208.9 ; ];
FAST422_14_84_3 = [ 1000 1000 1000 3 204.175 ;  1500 1500 1500 3 552.021 ;  2000 2000 2000 3 1078.1 ;  2500 2500 2500 3 1899.6 ;  3000 3000 3000 3 3313.74 ;  3500 3500 3500 3 5114.28 ;  4000 4000 4000 3 6737.71 ;  4500 4500 4500 3 9547.03 ;  5000 5000 5000 3 12026.4 ;  5500 5500 5500 3 17627.2 ;  6000 6000 6000 3 21187.2 ;  6500 6500 6500 3 27112.9 ;  7000 7000 7000 3 32389.5 ;  7500 7500 7500 3 36588.7 ; ];

FAST323_15_103_1 = [ 1000 1000 1000 1 96.196 ;  1500 1500 1500 1 290.428 ;  2000 2000 2000 1 699.423 ;  2500 2500 2500 1 1315.7 ;  3000 3000 3000 1 2112.16 ;  3500 3500 3500 1 3720.41 ;  4000 4000 4000 1 5047.61 ;  4500 4500 4500 1 6905.31 ;  5000 5000 5000 1 9811.29 ;  5500 5500 5500 1 12993 ;  6000 6000 6000 1 15983.1 ;  6500 6500 6500 1 21082.6 ;  7000 7000 7000 1 26155.3 ;  7500 7500 7500 1 31094.1 ; ];
FAST323_15_103_2 = [ 1000 1000 1000 2 109.085 ;  1500 1500 1500 2 333.095 ;  2000 2000 2000 2 701.828 ;  2500 2500 2500 2 1385.46 ;  3000 3000 3000 2 2224.89 ;  3500 3500 3500 2 3567.53 ;  4000 4000 4000 2 5340.19 ;  4500 4500 4500 2 6848.61 ;  5000 5000 5000 2 9930.99 ;  5500 5500 5500 2 12376.9 ;  6000 6000 6000 2 16339.3 ;  6500 6500 6500 2 19958.5 ;  7000 7000 7000 2 25602.8 ;  7500 7500 7500 2 30292 ; ];
FAST323_15_103_3 = [ 1000 1000 1000 3 142.594 ;  1500 1500 1500 3 435.223 ;  2000 2000 2000 3 818.511 ;  2500 2500 2500 3 1572.71 ;  3000 3000 3000 3 2481.95 ;  3500 3500 3500 3 4074.55 ;  4000 4000 4000 3 5390.25 ;  4500 4500 4500 3 7789.98 ;  5000 5000 5000 3 10113.6 ;  5500 5500 5500 3 13562.7 ;  6000 6000 6000 3 16153 ;  6500 6500 6500 3 20655.9 ;  7000 7000 7000 3 25411.4 ;  7500 7500 7500 3 32359.1 ; ];

FAST332_15_103_1 = [ 1000 1000 1000 1 94.998 ;  1500 1500 1500 1 288.239 ;  2000 2000 2000 1 750.797 ;  2500 2500 2500 1 1357.03 ;  3000 3000 3000 1 2106.81 ;  3500 3500 3500 1 3460.2 ;  4000 4000 4000 1 5110.48 ;  4500 4500 4500 1 6878.68 ;  5000 5000 5000 1 9643.89 ;  5500 5500 5500 1 12932 ;  6000 6000 6000 1 15998.3 ;  6500 6500 6500 1 21132.3 ;  7000 7000 7000 1 26242.1 ;  7500 7500 7500 1 31087.8 ; ];
FAST332_15_103_2 = [ 1000 1000 1000 2 110.27 ;  1500 1500 1500 2 326.249 ;  2000 2000 2000 2 731.44 ;  2500 2500 2500 2 1490.15 ;  3000 3000 3000 2 2352.88 ;  3500 3500 3500 2 3692.52 ;  4000 4000 4000 2 5425.94 ;  4500 4500 4500 2 6836.75 ;  5000 5000 5000 2 10176 ;  5500 5500 5500 2 12726.3 ;  6000 6000 6000 2 16510.7 ;  6500 6500 6500 2 20116.1 ;  7000 7000 7000 2 25927.5 ;  7500 7500 7500 2 30588.3 ; ];
FAST332_15_103_3 = [ 1000 1000 1000 3 162.86 ;  1500 1500 1500 3 449.284 ;  2000 2000 2000 3 872.109 ;  2500 2500 2500 3 1642.42 ;  3000 3000 3000 3 2554.6 ;  3500 3500 3500 3 4313.3 ;  4000 4000 4000 3 5706.95 ;  4500 4500 4500 3 7779.2 ;  5000 5000 5000 3 10734.9 ;  5500 5500 5500 3 14237.7 ;  6000 6000 6000 3 17192.2 ;  6500 6500 6500 3 21440.8 ;  7000 7000 7000 3 27509.4 ;  7500 7500 7500 3 34934.9 ; ];

