MKL_0_24 = [ 9000 9000 9000 0 3139.29 ;  9500 9500 9500 0 3818.72 ;  10000 10000 10000 0 4295.25 ;  10500 10500 10500 0 5161.75 ;  11000 11000 11000 0 5526.56 ;  11500 11500 11500 0 6503.75 ;  12000 12000 12000 0 7441.42 ;  12500 12500 12500 0 8302.52 ;  13000 13000 13000 0 9058.95 ; ];

% HYBRID 24
BINI322_1_HYBRID24 = [ 9000 9000 9000 1 3175.39 ;  9500 9500 9500 1 3857.52 ;  10000 10000 10000 1 4306.44 ;  10500 10500 10500 1 4901.7 ;  11000 11000 11000 1 5451.51 ;  11500 11500 11500 1 6342.57 ;  12000 12000 12000 1 6903.54 ;  12500 12500 12500 1 7877.12 ;  13000 13000 13000 1 8640.88 ; ];
BINI322_2_HYBRID24 = [ 9000 9000 9000 2 3542.58 ;  9500 9500 9500 2 4191.05 ;  10000 10000 10000 2 4604.9 ;  10500 10500 10500 2 5412.36 ;  11000 11000 11000 2 5829.71 ;  11500 11500 11500 2 7097.65 ;  12000 12000 12000 2 7485.64 ;  12500 12500 12500 2 8750.52 ;  13000 13000 13000 2 9315.29 ; ];
BINI322_3_HYBRID24 = [ 9000 9000 9000 3 3984.79 ;  9500 9500 9500 3 5039.71 ;  10000 10000 10000 3 5265.9 ;  10500 10500 10500 3 6778.8 ;  11000 11000 11000 3 6545.74 ;  11500 11500 11500 3 8448.23 ;  12000 12000 12000 3 8302.92 ;  12500 12500 12500 3 10474.3 ;  13000 13000 13000 3 10575.3 ; ];

STRASSEN_1_HYBRID24 = [ 9000 9000 9000 1 3242.7 ;  9500 9500 9500 1 3841.49 ;  10000 10000 10000 1 4288.18 ;  10500 10500 10500 1 4791.35 ;  11000 11000 11000 1 5545.11 ;  11500 11500 11500 1 6454.09 ;  12000 12000 12000 1 7084.94 ;  12500 12500 12500 1 8009.58 ;  13000 13000 13000 1 8773.38 ; ];
STRASSEN_2_HYBRID24 = [ 9000 9000 9000 2 4284.6 ;  9500 9500 9500 2 4977.84 ;  10000 10000 10000 2 5707.61 ;  10500 10500 10500 2 6633.73 ;  11000 11000 11000 2 7318.51 ;  11500 11500 11500 2 8426.07 ;  12000 12000 12000 2 9441.5 ;  12500 12500 12500 2 10757.8 ;  13000 13000 13000 2 11689.4 ; ];
STRASSEN_3_HYBRID24 = [ 9000 9000 9000 3 4216.12 ;  9500 9500 9500 3 4738.83 ;  10000 10000 10000 3 5285.86 ;  10500 10500 10500 3 6248.94 ;  11000 11000 11000 3 6857.71 ;  11500 11500 11500 3 7833.12 ;  12000 12000 12000 3 8507.17 ;  12500 12500 12500 3 9618 ;  13000 13000 13000 3 10173.4 ; ];

FAST322_11_50_1_HYBRID24 = [ 9000 9000 9000 1 3407.04 ;  9500 9500 9500 1 4095.3 ;  10000 10000 10000 1 4620.15 ;  10500 10500 10500 1 5214.87 ;  11000 11000 11000 1 5792.28 ;  11500 11500 11500 1 6814.71 ;  12000 12000 12000 1 7440.76 ;  12500 12500 12500 1 8528.16 ;  13000 13000 13000 1 9335.66 ; ];
FAST322_11_50_2_HYBRID24 = [ 9000 9000 9000 2 3955.94 ;  9500 9500 9500 2 4606.84 ;  10000 10000 10000 2 5166.35 ;  10500 10500 10500 2 6211.09 ;  11000 11000 11000 2 6604.88 ;  11500 11500 11500 2 8068.46 ;  12000 12000 12000 2 8440.69 ;  12500 12500 12500 2 10016.5 ;  13000 13000 13000 2 10519.3 ; ];
FAST322_11_50_3_HYBRID24 = [ 9000 9000 9000 3 5231.03 ;  9500 9500 9500 3 6210.63 ;  10000 10000 10000 3 6521.27 ;  10500 10500 10500 3 8347.47 ;  11000 11000 11000 3 8591.24 ;  11500 11500 11500 3 10387.7 ;  12000 12000 12000 3 10790.3 ;  12500 12500 12500 3 12942.4 ;  13000 13000 13000 3 13035 ; ];

FAST422_14_84_1_HYBRID24 = [ 9000 9000 9000 1 3549.52 ;  9500 9500 9500 1 4021.26 ;  10000 10000 10000 1 4414.01 ;  10500 10500 10500 1 5282.49 ;  11000 11000 11000 1 5759.57 ;  11500 11500 11500 1 6827.31 ;  12000 12000 12000 1 7424.04 ;  12500 12500 12500 1 8368.28 ;  13000 13000 13000 1 9378.2 ; ];
FAST422_14_84_2_HYBRID24 = [ 9000 9000 9000 2 4045.47 ;  9500 9500 9500 2 4673.91 ;  10000 10000 10000 2 4934.31 ;  10500 10500 10500 2 5645.37 ;  11000 11000 11000 2 6625.74 ;  11500 11500 11500 2 7363.72 ;  12000 12000 12000 2 7880.39 ;  12500 12500 12500 2 8962.22 ;  13000 13000 13000 2 10217.9 ; ];

FAST323_15_103_1_HYBRID24 = [ 9000 9000 9000 1 3302.86 ;  9500 9500 9500 1 4025.12 ;  10000 10000 10000 1 4480.84 ;  10500 10500 10500 1 5112.08 ;  11000 11000 11000 1 5601.65 ;  11500 11500 11500 1 6544.4 ;  12000 12000 12000 1 7158.82 ;  12500 12500 12500 1 8186.61 ;  13000 13000 13000 1 8970.82 ; ];
FAST323_15_103_2_HYBRID24 = [ 9000 9000 9000 2 3535.15 ;  9500 9500 9500 2 4052.73 ;  10000 10000 10000 2 4446.21 ;  10500 10500 10500 2 5217.93 ;  11000 11000 11000 2 5847.44 ;  11500 11500 11500 2 6606.08 ;  12000 12000 12000 2 7384.05 ;  12500 12500 12500 2 8270.81 ;  13000 13000 13000 2 8956.05 ; ];

FAST332_15_103_1_HYBRID24 = [ 9000 9000 9000 1 3239.66 ;  9500 9500 9500 1 4017.75 ;  10000 10000 10000 1 4479.35 ;  10500 10500 10500 1 5001.36 ;  11000 11000 11000 1 5541.92 ;  11500 11500 11500 1 6447.52 ;  12000 12000 12000 1 6948.4 ;  12500 12500 12500 1 8138.49 ;  13000 13000 13000 1 8855.7 ; ];
FAST332_15_103_2_HYBRID24 = [ 9000 9000 9000 2 3551.52 ;  9500 9500 9500 2 4279.82 ;  10000 10000 10000 2 4830.96 ;  10500 10500 10500 2 5426.82 ;  11000 11000 11000 2 6086.98 ;  11500 11500 11500 2 6935.94 ;  12000 12000 12000 2 7598.32 ;  12500 12500 12500 2 8579.33 ;  13000 13000 13000 2 9289.56 ; ];

FAST522_18_99_1_HYBRID24 = [ 9000 9000 9000 1 3555.31 ;  9500 9500 9500 1 4316.45 ;  10000 10000 10000 1 4939.58 ;  10500 10500 10500 1 5462.61 ;  11000 11000 11000 1 6336.71 ;  11500 11500 11500 1 7238.89 ;  12000 12000 12000 1 7635.72 ;  12500 12500 12500 1 8542.09 ;  13000 13000 13000 1 9517.63 ; ];
FAST522_18_99_2_HYBRID24 = [ 9000 9000 9000 2 4098.47 ;  9500 9500 9500 2 4564.45 ;  10000 10000 10000 2 5270.12 ;  10500 10500 10500 2 5989.24 ;  11000 11000 11000 2 6614.71 ;  11500 11500 11500 2 7517.42 ;  12000 12000 12000 2 8198.42 ;  12500 12500 12500 2 9373.87 ;  13000 13000 13000 2 10326.3 ; ];

FAST252_18_99_1_HYBRID24 = [ 9000 9000 9000 1 3552.24 ;  9500 9500 9500 1 4085.73 ;  10000 10000 10000 1 4572.08 ;  10500 10500 10500 1 5196.79 ;  11000 11000 11000 1 5961.25 ;  11500 11500 11500 1 6878.07 ;  12000 12000 12000 1 7577.85 ;  12500 12500 12500 1 8429.35 ;  13000 13000 13000 1 9503.33 ; ];
FAST252_18_99_2_HYBRID24 = [ 9000 9000 9000 2 4410.4 ;  9500 9500 9500 2 5153.32 ;  10000 10000 10000 2 5618.25 ;  10500 10500 10500 2 6471.01 ;  11000 11000 11000 2 7238.65 ;  11500 11500 11500 2 8188.12 ;  12000 12000 12000 2 9021.56 ;  12500 12500 12500 2 10144 ;  13000 13000 13000 2 11421.4 ; ];

FAST234_20_144_1_HYBRID24 = [ 9000 9000 9000 1 3432.59 ;  9500 9500 9500 1 3971.28 ;  10000 10000 10000 1 4451.14 ;  10500 10500 10500 1 4916.69 ;  11000 11000 11000 1 5723.27 ;  11500 11500 11500 1 6612.64 ;  12000 12000 12000 1 7155.4 ;  12500 12500 12500 1 8025.19 ;  13000 13000 13000 1 8948.82 ; ];
FAST234_20_144_2_HYBRID24 = [ 9000 9000 9000 2 3686.64 ;  9500 9500 9500 2 4208.15 ;  10000 10000 10000 2 4747.98 ;  10500 10500 10500 2 5415.13 ;  11000 11000 11000 2 6062.29 ;  11500 11500 11500 2 6966.17 ;  12000 12000 12000 2 7486.76 ;  12500 12500 12500 2 8760.81 ;  13000 13000 13000 2 9521.96 ; ];

FAST324_20_144_1_HYBRID24 = [ 9000 9000 9000 1 3389.41 ;  9500 9500 9500 1 4033.57 ;  10000 10000 10000 1 4539.01 ;  10500 10500 10500 1 5132.13 ;  11000 11000 11000 1 5868.11 ;  11500 11500 11500 1 6708.97 ;  12000 12000 12000 1 7322.93 ;  12500 12500 12500 1 8325.02 ;  13000 13000 13000 1 9068.18 ; ];
FAST324_20_144_2_HYBRID24 = [ 9000 9000 9000 2 3641.46 ;  9500 9500 9500 2 4396.11 ;  10000 10000 10000 2 4898.41 ;  10500 10500 10500 2 5680.31 ;  11000 11000 11000 2 6284.29 ;  11500 11500 11500 2 7131.88 ;  12000 12000 12000 2 7849.4 ;  12500 12500 12500 2 8801.27 ;  13000 13000 13000 2 9429.38 ; ];

FAST423_20_144_1_HYBRID24 = [ 9000 9000 9000 1 3422.72 ;  9500 9500 9500 1 3915.47 ;  10000 10000 10000 1 4447.59 ;  10500 10500 10500 1 5308.38 ;  11000 11000 11000 1 5675.92 ;  11500 11500 11500 1 6723.07 ;  12000 12000 12000 1 7239.31 ;  12500 12500 12500 1 8251.81 ;  13000 13000 13000 1 9186.07 ; ];
FAST423_20_144_2_HYBRID24 = [ 9000 9000 9000 2 3863.91 ;  9500 9500 9500 2 4389.99 ;  10000 10000 10000 2 4711.75 ;  10500 10500 10500 2 5407.16 ;  11000 11000 11000 2 6224.32 ;  11500 11500 11500 2 7172.14 ;  12000 12000 12000 2 7515.8 ;  12500 12500 12500 2 8472.33 ;  13000 13000 13000 2 9719.52 ; ];

