MKL_0_6 = [ 9000 9000 9000 0 11718.5 ;  9500 9500 9500 0 14158.8 ;  10000 10000 10000 0 16046 ;  10500 10500 10500 0 18994.3 ;  11000 11000 11000 0 21218.4 ;  11500 11500 11500 0 24986.4 ;  12000 12000 12000 0 28793.9 ;  12500 12500 12500 0 31550.8 ;  13000 13000 13000 0 34824.6 ; ];

% HYBRID
BINI322_1_HYBRID6 = [ 9000 9000 9000 1 10413.6 ;  9500 9500 9500 1 12147 ;  10000 10000 10000 1 14382.5 ;  10500 10500 10500 1 16252.3 ;  11000 11000 11000 1 18565.4 ;  11500 11500 11500 1 21380.5 ;  12000 12000 12000 1 24130.3 ;  12500 12500 12500 1 27187.4 ;  13000 13000 13000 1 30613.7 ; ];
BINI322_2_HYBRID6 = [ 9000 9000 9000 2 10160.4 ;  9500 9500 9500 2 11854.3 ;  10000 10000 10000 2 13786.1 ;  10500 10500 10500 2 16307.6 ;  11000 11000 11000 2 17683.8 ;  11500 11500 11500 2 21333.8 ;  12000 12000 12000 2 23689.9 ;  12500 12500 12500 2 27020.1 ;  13000 13000 13000 2 28889.4 ; ];
BINI322_3_HYBRID6 = [ 9000 9000 9000 3 10886.4 ;  9500 9500 9500 3 13691.1 ;  10000 10000 10000 3 14343.2 ;  10500 10500 10500 3 18162.3 ;  11000 11000 11000 3 18896.3 ;  11500 11500 11500 3 23426.6 ;  12000 12000 12000 3 23693.7 ;  12500 12500 12500 3 29274.5 ;  13000 13000 13000 3 29878.7 ; ];

STRASSEN_1_HYBRID6 = [ 9000 9000 9000 1 10741 ;  9500 9500 9500 1 12805.3 ;  10000 10000 10000 1 14628 ;  10500 10500 10500 1 16834.1 ;  11000 11000 11000 1 19359.5 ;  11500 11500 11500 1 22457.2 ;  12000 12000 12000 1 25117.1 ;  12500 12500 12500 1 28130.8 ;  13000 13000 13000 1 31679.9 ; ];
STRASSEN_2_HYBRID6 = [ 9000 9000 9000 2 10988.7 ;  9500 9500 9500 2 12951.5 ;  10000 10000 10000 2 14980.5 ;  10500 10500 10500 2 17508 ;  11000 11000 11000 2 19614.9 ;  11500 11500 11500 2 22418.7 ;  12000 12000 12000 2 25363.1 ;  12500 12500 12500 2 29227.2 ;  13000 13000 13000 2 31802 ; ];
STRASSEN_3_HYBRID6 = [ 9000 9000 9000 3 10867.6 ;  9500 9500 9500 3 12587 ;  10000 10000 10000 3 14166 ;  10500 10500 10500 3 16700.5 ;  11000 11000 11000 3 18759.4 ;  11500 11500 11500 3 21522.3 ;  12000 12000 12000 3 23921.5 ;  12500 12500 12500 3 27571 ;  13000 13000 13000 3 30263.8 ; ];

FAST322_11_50_1_HYBRID6 = [ 9000 9000 9000 1 11386.1 ;  9500 9500 9500 1 13433.1 ;  10000 10000 10000 1 15889.9 ;  10500 10500 10500 1 17847.2 ;  11000 11000 11000 1 20391.5 ;  11500 11500 11500 1 23485 ;  12000 12000 12000 1 26492.8 ;  12500 12500 12500 1 29859.6 ;  13000 13000 13000 1 33636.9 ; ];
FAST322_11_50_2_HYBRID6 = [ 9000 9000 9000 2 11807.2 ;  9500 9500 9500 2 14218.6 ;  10000 10000 10000 2 16426.1 ;  10500 10500 10500 2 19103.2 ;  11000 11000 11000 2 21195.1 ;  11500 11500 11500 2 25007.9 ;  12000 12000 12000 2 27468.2 ;  12500 12500 12500 2 31726.9 ;  13000 13000 13000 2 34677 ; ];

FAST422_14_84_1_HYBRID6 = [ 9000 9000 9000 1 10826.4 ;  9500 9500 9500 1 12745.4 ;  10000 10000 10000 1 14811.7 ;  10500 10500 10500 1 17361.8 ;  11000 11000 11000 1 19537.7 ;  11500 11500 11500 1 22354.4 ;  12000 12000 12000 1 25272 ;  12500 12500 12500 1 29179.1 ;  13000 13000 13000 1 31816.8 ; ];
FAST422_14_84_2_HYBRID6 = [ 9000 9000 9000 2 12391.9 ;  9500 9500 9500 2 14538.2 ;  10000 10000 10000 2 15813.8 ;  10500 10500 10500 2 18196.1 ;  11000 11000 11000 2 22004.7 ;  11500 11500 11500 2 24857 ;  12000 12000 12000 2 26496.3 ;  12500 12500 12500 2 30161.4 ;  13000 13000 13000 2 35174.5 ; ];

FAST323_15_103_1_HYBRID6 = [ 9000 9000 9000 1 10436.5 ;  9500 9500 9500 1 12340.3 ;  10000 10000 10000 1 14562.6 ;  10500 10500 10500 1 16441.7 ;  11000 11000 11000 1 18871.9 ;  11500 11500 11500 1 21634 ;  12000 12000 12000 1 24347.3 ;  12500 12500 12500 1 27551.2 ;  13000 13000 13000 1 30879 ; ];
FAST323_15_103_2_HYBRID6 = [ 9000 9000 9000 2 10868.6 ;  9500 9500 9500 2 13049.3 ;  10000 10000 10000 2 15001.8 ;  10500 10500 10500 2 17542.1 ;  11000 11000 11000 2 19320.7 ;  11500 11500 11500 2 22803.1 ;  12000 12000 12000 2 24857.9 ;  12500 12500 12500 2 28695.9 ;  13000 13000 13000 2 31158.8 ; ];

FAST332_15_103_1_HYBRID6 = [ 9000 9000 9000 1 10380.5 ;  9500 9500 9500 1 12230.5 ;  10000 10000 10000 1 14485.7 ;  10500 10500 10500 1 16344.4 ;  11000 11000 11000 1 18715.6 ;  11500 11500 11500 1 21491 ;  12000 12000 12000 1 24205.4 ;  12500 12500 12500 1 27379.7 ;  13000 13000 13000 1 30740.3 ; ];
FAST332_15_103_2_HYBRID6 = [ 9000 9000 9000 2 10627.3 ;  9500 9500 9500 2 12819.1 ;  10000 10000 10000 2 14778.1 ;  10500 10500 10500 2 17230 ;  11000 11000 11000 2 18988.9 ;  11500 11500 11500 2 22507.8 ;  12000 12000 12000 2 24611.3 ;  12500 12500 12500 2 28532.8 ;  13000 13000 13000 2 31035.3 ; ];

FAST522_18_99_1_HYBRID6 = [ 9000 9000 9000 1 11202.1 ;  9500 9500 9500 1 13345.9 ;  10000 10000 10000 1 15273.5 ;  10500 10500 10500 1 17610.5 ;  11000 11000 11000 1 20139.6 ;  11500 11500 11500 1 23352.8 ;  12000 12000 12000 1 25948.5 ;  12500 12500 12500 1 29289.2 ;  13000 13000 13000 1 32831.2 ; ];
FAST522_18_99_2_HYBRID6 = [ 9000 9000 9000 2 11394.7 ;  9500 9500 9500 2 13308.7 ;  10000 10000 10000 2 15383.2 ;  10500 10500 10500 2 17710.4 ;  11000 11000 11000 2 20109 ;  11500 11500 11500 2 22906.9 ;  12000 12000 12000 2 25805.4 ;  12500 12500 12500 2 29221.1 ;  13000 13000 13000 2 32573.3 ; ];

FAST252_18_99_1_HYBRID6 = [ 9000 9000 9000 1 11192.7 ;  9500 9500 9500 1 13178.5 ;  10000 10000 10000 1 15168 ;  10500 10500 10500 1 17517.4 ;  11000 11000 11000 1 20111.7 ;  11500 11500 11500 1 23276.1 ;  12000 12000 12000 1 26061.5 ;  12500 12500 12500 1 29193 ;  13000 13000 13000 1 32854.9 ; ];
FAST252_18_99_2_HYBRID6 = [ 9000 9000 9000 2 11824 ;  9500 9500 9500 2 13944.2 ;  10000 10000 10000 2 16015.1 ;  10500 10500 10500 2 18629.6 ;  11000 11000 11000 2 20743.6 ;  11500 11500 11500 2 23489.4 ;  12000 12000 12000 2 26426.8 ;  12500 12500 12500 2 30283.9 ;  13000 13000 13000 2 33616.6 ; ];

FAST234_20_144_1_HYBRID6 = [ 9000 9000 9000 1 10507.3 ;  9500 9500 9500 1 12505.1 ;  10000 10000 10000 1 14412.8 ;  10500 10500 10500 1 16481.6 ;  11000 11000 11000 1 18959.7 ;  11500 11500 11500 1 21899.2 ;  12000 12000 12000 1 24481.2 ;  12500 12500 12500 1 27499.2 ;  13000 13000 13000 1 30849.1 ; ];
FAST234_20_144_2_HYBRID6 = [ 9000 9000 9000 2 11762.5 ;  9500 9500 9500 2 13942.6 ;  10000 10000 10000 2 15191.4 ;  10500 10500 10500 2 17924.6 ;  11000 11000 11000 2 20112.7 ;  11500 11500 11500 2 23175.8 ;  12000 12000 12000 2 25725.3 ;  12500 12500 12500 2 29910.1 ;  13000 13000 13000 2 32851.5 ; ];

FAST324_20_144_1_HYBRID6 = [ 9000 9000 9000 1 10482.7 ;  9500 9500 9500 1 12328.9 ;  10000 10000 10000 1 14663.4 ;  10500 10500 10500 1 16620.9 ;  11000 11000 11000 1 18825.3 ;  11500 11500 11500 1 21664.8 ;  12000 12000 12000 1 24470.3 ;  12500 12500 12500 1 27490.7 ;  13000 13000 13000 1 30899.9 ; ];
FAST324_20_144_2_HYBRID6 = [ 9000 9000 9000 2 11713 ;  9500 9500 9500 2 13853 ;  10000 10000 10000 2 15941.8 ;  10500 10500 10500 2 18115.4 ;  11000 11000 11000 2 20034 ;  11500 11500 11500 2 23730.1 ;  12000 12000 12000 2 25901 ;  12500 12500 12500 2 29965.1 ;  13000 13000 13000 2 32342.7 ; ];

FAST423_20_144_1_HYBRID6 = [ 9000 9000 9000 1 10377.3 ;  9500 9500 9500 1 12383.3 ;  10000 10000 10000 1 14226 ;  10500 10500 10500 1 16656.3 ;  11000 11000 11000 1 18803.1 ;  11500 11500 11500 1 21464.1 ;  12000 12000 12000 1 24277.7 ;  12500 12500 12500 1 28058.5 ;  13000 13000 13000 1 30501.4 ; ];
FAST423_20_144_2_HYBRID6 = [ 9000 9000 9000 2 11982.9 ;  9500 9500 9500 2 14199.4 ;  10000 10000 10000 2 15606.2 ;  10500 10500 10500 2 17701.1 ;  11000 11000 11000 2 21301.8 ;  11500 11500 11500 2 23942.9 ;  12000 12000 12000 2 25897.4 ;  12500 12500 12500 2 29530.9 ;  13000 13000 13000 2 33726.8 ; ];

FAST342_20_144_1_HYBRID6 = [ 9000 9000 9000 1 10413.8 ;  9500 9500 9500 1 12233.9 ;  10000 10000 10000 1 14462.5 ;  10500 10500 10500 1 16382.2 ;  11000 11000 11000 1 18689.3 ;  11500 11500 11500 1 21522 ;  12000 12000 12000 1 24237.9 ;  12500 12500 12500 1 27323.4 ;  13000 13000 13000 1 30686.9 ; ];
