% DFS
MKL_0_24 = [ 16000 3000 3000 0 765.59 ;  16500 3000 3000 0 860.723 ;  17000 3000 3000 0 783.112 ;  17500 3000 3000 0 810.997 ;  18000 3000 3000 0 826.292 ;  18500 3000 3000 0 823.251 ;  19000 3000 3000 0 868.187 ;  19500 3000 3000 0 883.685 ;  20000 3000 3000 0 900.83 ;  20500 3000 3000 0 942.86 ;  21000 3000 3000 0 949.908 ;  21500 3000 3000 0 956.281 ;  22000 3000 3000 0 990.649 ;  22500 3000 3000 0 1031.41 ;  23000 3000 3000 0 1049.4 ;  23500 3000 3000 0 1023.35 ;  24000 3000 3000 0 1107.23 ;  24500 3000 3000 0 1236.89 ;  25000 3000 3000 0 1047.32 ;  25500 3000 3000 0 1167.31 ;  26000 3000 3000 0 1211.68 ; ];

FAST424_26_257_1_DFS24 = [ 16000 3000 3000 1 1106.16 ;  16500 3000 3000 1 992.899 ;  17000 3000 3000 1 1003.89 ;  17500 3000 3000 1 1091.81 ;  18000 3000 3000 1 1103.74 ;  18500 3000 3000 1 1075.65 ;  19000 3000 3000 1 1161.02 ;  19500 3000 3000 1 1192.36 ;  20000 3000 3000 1 1203.04 ;  20500 3000 3000 1 1244.68 ;  21000 3000 3000 1 1193.5 ;  21500 3000 3000 1 1297.75 ;  22000 3000 3000 1 1301.3 ;  22500 3000 3000 1 1335.61 ;  23000 3000 3000 1 1380.78 ;  23500 3000 3000 1 1315.92 ;  24000 3000 3000 1 1330.45 ;  24500 3000 3000 1 1404.63 ;  25000 3000 3000 1 1396.1 ;  25500 3000 3000 1 1494.64 ;  26000 3000 3000 1 1444.21 ; ];
FAST424_26_257_2_DFS24 = [ 16000 3000 3000 2 2076.45 ;  16500 3000 3000 2 2019.9 ;  17000 3000 3000 2 2012.25 ;  17500 3000 3000 2 2199.62 ;  18000 3000 3000 2 2184.17 ;  18500 3000 3000 2 2129.49 ;  19000 3000 3000 2 2321.31 ;  19500 3000 3000 2 2278.19 ;  20000 3000 3000 2 2321.15 ;  20500 3000 3000 2 2415.13 ;  21000 3000 3000 2 2434.26 ;  21500 3000 3000 2 2589.37 ;  22000 3000 3000 2 2545.57 ;  22500 3000 3000 2 2529.93 ;  23000 3000 3000 2 2711.71 ;  23500 3000 3000 2 2675.51 ;  24000 3000 3000 2 2682.66 ;  24500 3000 3000 2 2993.5 ;  25000 3000 3000 2 2819.07 ;  25500 3000 3000 2 2820.44 ;  26000 3000 3000 2 2949.41 ; ];

FAST433_29_234_1_DFS24 = [ 16000 3000 3000 1 1007.6 ;  16500 3000 3000 1 863.171 ;  17000 3000 3000 1 857.149 ;  17500 3000 3000 1 890.572 ;  18000 3000 3000 1 900.475 ;  18500 3000 3000 1 909.447 ;  19000 3000 3000 1 1077.18 ;  19500 3000 3000 1 1055.11 ;  20000 3000 3000 1 989.567 ;  20500 3000 3000 1 1026.17 ;  21000 3000 3000 1 1025.54 ;  21500 3000 3000 1 1111.38 ;  22000 3000 3000 1 1101.83 ;  22500 3000 3000 1 1109.36 ;  23000 3000 3000 1 1241.37 ;  23500 3000 3000 1 1169.91 ;  24000 3000 3000 1 1157.19 ;  24500 3000 3000 1 1223.82 ;  25000 3000 3000 1 1238.95 ;  25500 3000 3000 1 1333.86 ;  26000 3000 3000 1 1319.28 ; ];
FAST433_29_234_2_DFS24 = [ 16000 3000 3000 2 1923.16 ;  16500 3000 3000 2 1473.3 ;  17000 3000 3000 2 1569.85 ;  17500 3000 3000 2 1562.3 ;  18000 3000 3000 2 1534.4 ;  18500 3000 3000 2 1488.95 ;  19000 3000 3000 2 1672.45 ;  19500 3000 3000 2 1589.46 ;  20000 3000 3000 2 1550.77 ;  20500 3000 3000 2 1718.06 ;  21000 3000 3000 2 1686.01 ;  21500 3000 3000 2 1804.86 ;  22000 3000 3000 2 1777.44 ;  22500 3000 3000 2 1789.9 ;  23000 3000 3000 2 1873.52 ;  23500 3000 3000 2 1843.12 ;  24000 3000 3000 2 1845.55 ;  24500 3000 3000 2 2004.01 ;  25000 3000 3000 2 1955.23 ;  25500 3000 3000 2 1995.42 ;  26000 3000 3000 2 2017.76 ; ];

FAST323_15_103_1_DFS24 = [ 16000 3000 3000 1 862.498 ;  16500 3000 3000 1 937.27 ;  17000 3000 3000 1 1010.16 ;  17500 3000 3000 1 983.65 ;  18000 3000 3000 1 946.527 ;  18500 3000 3000 1 1089.22 ;  19000 3000 3000 1 1060.47 ;  19500 3000 3000 1 1000.33 ;  20000 3000 3000 1 1020.26 ;  20500 3000 3000 1 1047.49 ;  21000 3000 3000 1 1084.83 ;  21500 3000 3000 1 1165.52 ;  22000 3000 3000 1 1199.56 ;  22500 3000 3000 1 1142.22 ;  23000 3000 3000 1 1227.76 ;  23500 3000 3000 1 1190.92 ;  24000 3000 3000 1 1289.46 ;  24500 3000 3000 1 1301.48 ;  25000 3000 3000 1 1332.72 ;  25500 3000 3000 1 1269.74 ;  26000 3000 3000 1 1306.25 ; ];
FAST323_15_103_2_DFS24 = [ 16000 3000 3000 2 1250.89 ;  16500 3000 3000 2 1337.02 ;  17000 3000 3000 2 1346.29 ;  17500 3000 3000 2 1451.96 ;  18000 3000 3000 2 1481.66 ;  18500 3000 3000 2 1519.82 ;  19000 3000 3000 2 1576.92 ;  19500 3000 3000 2 1543.48 ;  20000 3000 3000 2 1411.57 ;  20500 3000 3000 2 1453.62 ;  21000 3000 3000 2 1489.09 ;  21500 3000 3000 2 1523.65 ;  22000 3000 3000 2 1549.19 ;  22500 3000 3000 2 1559.85 ;  23000 3000 3000 2 1608.15 ;  23500 3000 3000 2 1725.4 ;  24000 3000 3000 2 1682.13 ;  24500 3000 3000 2 1735.15 ;  25000 3000 3000 2 1795.92 ;  25500 3000 3000 2 1844.58 ;  26000 3000 3000 2 1806.43 ; ];

FAST522_18_99_1_DFS24 = [ 16000 3000 3000 1 999.48 ;  16500 3000 3000 1 962.765 ;  17000 3000 3000 1 919.781 ;  17500 3000 3000 1 957.531 ;  18000 3000 3000 1 949.876 ;  18500 3000 3000 1 1037.4 ;  19000 3000 3000 1 1063.2 ;  19500 3000 3000 1 1036.32 ;  20000 3000 3000 1 1178.59 ;  20500 3000 3000 1 1112.3 ;  21000 3000 3000 1 1143 ;  21500 3000 3000 1 1118.53 ;  22000 3000 3000 1 1126.37 ;  22500 3000 3000 1 1177.4 ;  23000 3000 3000 1 1321.79 ;  23500 3000 3000 1 1230.08 ;  24000 3000 3000 1 1341.09 ;  24500 3000 3000 1 1250.64 ;  25000 3000 3000 1 1268.32 ;  25500 3000 3000 1 1257.34 ;  26000 3000 3000 1 1313.05 ; ];
FAST522_18_99_2_DFS24 = [ 16000 3000 3000 2 1196.31 ;  16500 3000 3000 2 1231.84 ;  17000 3000 3000 2 1221.3 ;  17500 3000 3000 2 1301.05 ;  18000 3000 3000 2 1288.47 ;  18500 3000 3000 2 1294.03 ;  19000 3000 3000 2 1354.54 ;  19500 3000 3000 2 1345.58 ;  20000 3000 3000 2 1346.61 ;  20500 3000 3000 2 1500.78 ;  21000 3000 3000 2 1461.28 ;  21500 3000 3000 2 1498.89 ;  22000 3000 3000 2 1449.19 ;  22500 3000 3000 2 1515.01 ;  23000 3000 3000 2 1602.39 ;  23500 3000 3000 2 1548.31 ;  24000 3000 3000 2 1552.86 ;  24500 3000 3000 2 1672.71 ;  25000 3000 3000 2 1847.63 ;  25500 3000 3000 2 1742.41 ;  26000 3000 3000 2 1885.85 ; ];

FAST423_20_144_1_DFS24 = [ 16000 3000 3000 1 986.549 ;  16500 3000 3000 1 959.933 ;  17000 3000 3000 1 917.758 ;  17500 3000 3000 1 952.97 ;  18000 3000 3000 1 961.894 ;  18500 3000 3000 1 1035.45 ;  19000 3000 3000 1 1022.05 ;  19500 3000 3000 1 1090.25 ;  20000 3000 3000 1 1045.19 ;  20500 3000 3000 1 1085.29 ;  21000 3000 3000 1 1143.53 ;  21500 3000 3000 1 1187.48 ;  22000 3000 3000 1 1140.6 ;  22500 3000 3000 1 1111.62 ;  23000 3000 3000 1 1192.79 ;  23500 3000 3000 1 1261.65 ;  24000 3000 3000 1 1279.42 ;  24500 3000 3000 1 1269.07 ;  25000 3000 3000 1 1327.3 ;  25500 3000 3000 1 1313.9 ;  26000 3000 3000 1 1298.48 ; ];
FAST423_20_144_2_DFS24 = [ 16000 3000 3000 2 1566.78 ;  16500 3000 3000 2 1562.27 ;  17000 3000 3000 2 1570.14 ;  17500 3000 3000 2 1640.35 ;  18000 3000 3000 2 1651.21 ;  18500 3000 3000 2 1615.11 ;  19000 3000 3000 2 1691.36 ;  19500 3000 3000 2 1642.3 ;  20000 3000 3000 2 1664.38 ;  20500 3000 3000 2 1784.89 ;  21000 3000 3000 2 1763.46 ;  21500 3000 3000 2 1893.07 ;  22000 3000 3000 2 1839.84 ;  22500 3000 3000 2 1881.48 ;  23000 3000 3000 2 1949.09 ;  23500 3000 3000 2 1943.82 ;  24000 3000 3000 2 1873.87 ;  24500 3000 3000 2 2052.4 ;  25000 3000 3000 2 1972.7 ;  25500 3000 3000 2 1996.08 ;  26000 3000 3000 2 2085.94 ; ];

STRASSEN_1_DFS24 = [ 16000 3000 3000 1 888.394 ;  16500 3000 3000 1 912.186 ;  17000 3000 3000 1 859.602 ;  17500 3000 3000 1 881.068 ;  18000 3000 3000 1 905.613 ;  18500 3000 3000 1 986.778 ;  19000 3000 3000 1 1017.44 ;  19500 3000 3000 1 1021.37 ;  20000 3000 3000 1 986.861 ;  20500 3000 3000 1 1069.73 ;  21000 3000 3000 1 1097.37 ;  21500 3000 3000 1 1116.11 ;  22000 3000 3000 1 1056.69 ;  22500 3000 3000 1 1081.36 ;  23000 3000 3000 1 1122.15 ;  23500 3000 3000 1 1134.88 ;  24000 3000 3000 1 1224.19 ;  24500 3000 3000 1 1290.16 ;  25000 3000 3000 1 1194.47 ;  25500 3000 3000 1 1286.89 ;  26000 3000 3000 1 1238.18 ; ];
